Pedestrian 0 0 -10 500.32 790.07 600.77 995.87 0.65 0.62 1.68 -3.61 3.17 13.16 1.73 0.6484
Pedestrian 0 0 -10 170.84 832.80 229.61 964.95 0.66 0.61 1.72 -10.75 4.71 21.13 -0.25 0.4387
Pedestrian 0 0 -10 1716.92 794.10 1791.39 964.58 0.64 0.61 1.65 8.33 3.48 15.74 0.36 0.3592
Pedestrian 0 0 -10 547.09 769.99 627.36 937.08 0.65 0.56 1.65 -3.90 3.19 15.63 1.72 0.3312
Pedestrian 0 0 -10 362.59 775.24 490.82 1013.06 0.72 0.70 1.81 -4.44 3.11 12.45 -2.71 0.3268
Pedestrian 0 0 -10 784.61 778.78 853.60 904.10 0.71 0.77 1.41 -1.73 3.33 18.24 1.65 0.3244
Pedestrian 0 0 -10 1473.10 838.60 1509.50 930.49 0.69 0.65 1.72 10.73 6.11 30.30 -2.87 0.3177
Cyclist 0 0 -10 1284.34 906.06 1448.83 1067.98 0.72 1.96 1.74 5.09 5.39 18.82 0.27 0.3114
Car 0 0 -10 804.36 773.96 1651.21 1116.14 1.88 4.57 1.47 1.52 2.52 9.09 0.23 0.6306
Car 0 0 -10 1157.40 772.50 1641.24 1000.30 1.83 4.11 1.53 4.10 3.09 14.02 0.45 0.3795
