Pedestrian 0 0 -10 472.22 842.80 566.80 1098.02 0.61 0.52 1.63 -3.11 3.21 10.51 -1.90 0.3923
Pedestrian 0 0 -10 670.95 757.54 724.31 879.32 0.62 0.55 1.66 -3.76 3.58 21.37 -1.45 0.3359
Pedestrian 0 0 -10 1524.03 856.23 1560.13 948.33 0.65 0.63 1.67 11.50 6.32 29.62 -2.83 0.3302
Pedestrian 0 0 -10 1228.93 953.82 1312.79 1166.22 0.61 0.63 1.62 2.71 4.58 13.06 0.37 0.3154
Pedestrian 0 0 -10 1489.55 757.74 1568.53 934.28 0.65 0.74 1.72 5.97 3.16 15.71 0.42 0.3054
Pedestrian 0 0 -10 402.49 736.65 517.69 961.97 0.70 0.60 1.75 -4.11 2.70 12.30 1.72 0.3018
Cyclist 0 0 -10 1061.26 878.67 1253.79 1076.32 0.71 1.97 1.78 2.14 4.70 16.39 0.56 0.5134
Cyclist 0 0 -10 819.83 936.01 1037.70 1138.17 0.72 2.04 1.68 -0.31 4.87 14.76 0.23 0.3266
Car 0 0 -10 1477.17 796.36 1798.79 932.52 1.84 3.95 1.53 9.61 4.16 21.56 -2.91 0.6009
Car 0 0 -10 836.95 784.98 1663.49 1136.86 1.87 4.52 1.51 1.68 2.65 9.21 0.25 0.4427
