000040
000041
000042
000043
000044
000045
000046
000047
000048
000049
000050
000051
000052
000053
000054
000055
000056
000057
000058
000059
000060
000061
000062
000063
000064
000065
000066
000067
000068
000069
000070
000071
000072
000073
000074
000075
000076
000077
000078
000079
000080
000081
000082
000083
000084
000085
000086
000087
000088
000089
000090
000091
000092
000093
000094
000095
000096
000097
000098
000099
000100
000101
000102
000103
000104
000105
000106
000107
000108
000109
000110
000111
000112
000113
000114
000115
000116
000117
000118
000119
000160
000161
000162
000163
000164
000165
000166
000167
000168
000169
000170
000171
000172
000173
000174
000175
000176
000177
000178
000179
000180
000181
000182
000183
000184
000185
000186
000187
000188
000189
000190
000191
000192
000193
000194
000195
000196
000197
000198
000199
000200
000201
000202
000203
000204
000205
000206
000207
000208
000209
000210
000211
000212
000213
000214
000215
000216
000217
000218
000219
000220
000221
000222
000223
000224
000225
000226
000227
000228
000229
000230
000231
000232
000233
000234
000235
000236
000237
000238
000239
000280
000281
000282
000283
000284
000285
000286
000287
000288
000289
000290
000291
000292
000293
000294
000295
000296
000297
000298
000299
000300
000301
000302
000303
000304
000305
000306
000307
000308
000309
000310
000311
000312
000313
000314
000315
000316
000317
000318
000319
000320
000321
000322
000323
000324
000325
000326
000327
000328
000329
000330
000331
000332
000333
000334
000335
000336
000337
000338
000339
000340
000341
000342
000343
000344
000345
000346
000347
000348
000349
000350
000351
000352
000353
000354
000355
000356
000357
000358
000359
000400
000401
000402
000403
000404
000405
000406
000407
000408
000409
000410
000411
000412
000413
000414
000415
000416
000417
000418
000419
000420
000421
000422
000423
000424
000425
000426
000427
000428
000429
000430
000431
000432
000433
000434
000435
000436
000437
000438
000439
000440
000441
000442
000443
000444
000445
000446
000447
000448
000449
000450
000451
000452
000453
000454
000455
000456
000457
000458
000459
000460
000461
000462
000463
000464
000465
000466
000467
000468
000469
000470
000471
000472
000473
000474
000475
000476
000477
000478
000479
000520
000521
000522
000523
000524
000525
000526
000527
000528
000529
000530
000531
000532
000533
000534
000535
000536
000537
000538
000539
000540
000541
000542
000543
000544
000545
000546
000547
000548
000549
000550
000551
000552
000553
000554
000555
000556
000557
000558
000559
000560
000561
000562
000563
000564
000565
000566
000567
000568
000569
000570
000571
000572
000573
000574
000575
000576
000577
000578
000579
000580
000581
000582
000583
000584
000585
000586
000587
000588
000589
000590
000591
000592
000593
000594
000595
000596
000597
000598
000599
000640
000641
000642
000643
000644
000645
000646
000647
000648
000649
000650
000651
000652
000653
000654
000655
000656
000657
000658
000659
000660
000661
000662
000663
000664
000665
000666
000667
000668
000669
000670
000671
000672
000673
000674
000675
000676
000677
000678
000679
000680
000681
000682
000683
000684
000685
000686
000687
000688
000689
000690
000691
000692
000693
000694
000695
000696
000697
000698
000699
000700
000701
000702
000703
000704
000705
000706
000707
000708
000709
000710
000711
000712
000713
000714
000715
000716
000717
000718
000719
000760
000761
000762
000763
000764
000765
000766
000767
000768
000769
000770
000771
000772
000773
000774
000775
000776
000777
000778
000779
000780
000781
000782
000783
000784
000785
000786
000787
000788
000789
000790
000791
000792
000793
000794
000795
000796
000797
000798
000799
000800
000801
000802
000803
000804
000805
000806
000807
000808
000809
000810
000811
000812
000813
000814
000815
000816
000817
000818
000819
000820
000821
000822
000823
000824
000825
000826
000827
000828
000829
000830
000831
000832
000833
000834
000835
000836
000837
000838
000839
000880
000881
000882
000883
000884
000885
000886
000887
000888
000889
000890
000891
000892
000893
000894
000895
000896
000897
000898
000899
000900
000901
000902
000903
000904
000905
000906
000907
000908
000909
000910
000911
000912
000913
000914
000915
000916
000917
000918
000919
000920
000921
000922
000923
000924
000925
000926
000927
000928
000929
000930
000931
000932
000933
000934
000935
000936
000937
000938
000939
000940
000941
000942
000943
000944
000945
000946
000947
000948
000949
000950
000951
000952
000953
000954
000955
000956
000957
000958
000959
001000
001001
001002
001003
001004
001005
001006
001007
001008
001009
001010
001011
001012
001013
001014
001015
001016
001017
001018
001019
001020
001021
001022
001023
001024
001025
001026
001027
001028
001029
001030
001031
001032
001033
001034
001035
001036
001037
001038
001039
001040
001041
001042
001043
001044
001045
001046
001047
001048
001049
001050
001051
001052
001053
001054
001055
001056
001057
001058
001059
001060
001061
001062
001063
001064
001065
001066
001067
001068
001069
001070
001071
001072
001073
001074
001075
001076
001077
001078
001079
001120
001121
001122
001123
001124
001125
001126
001127
001128
001129
001130
001131
001132
001133
001134
001135
001136
001137
001138
001139
001140
001141
001142
001143
001144
001145
001146
001147
001148
001149
001150
001151
001152
001153
001154
001155
001156
001157
001158
001159
001160
001161
001162
001163
001164
001165
001166
001167
001168
001169
001170
001171
001172
001173
001174
001175
001176
001177
001178
001179
001180
001181
001182
001183
001184
001185
001186
001187
001188
001189
001190
001191
001192
001193
001194
001195
001196
001197
001198
001199
001240
001241
001242
001243
001244
001245
001246
001247
001248
001249
001250
001251
001252
001253
001254
001255
001256
001257
001258
001259
001260
001261
001262
001263
001264
001265
001266
001267
001268
001269
001270
001271
001272
001273
001274
001275
001276
001277
001278
001279
001280
001281
001282
001283
001284
001285
001286
001287
001288
001289
001290
001291
001292
001293
001294
001295
001296
001297
001298
001299
001300
001301
001302
001303
001304
001305
001306
001307
001308
001309
001310
001311
001312
001313
001314
001315
001316
001317
001318
001319
001360
001361
001362
001363
001364
001365
001366
001367
001368
001369
001370
001371
001372
001373
001374
001375
001376
001377
001378
001379
001380
001381
001382
001383
001384
001385
001386
001387
001388
001389
001390
001391
001392
001393
001394
001395
001396
001397
001398
001399
001400
001401
001402
001403
001404
001405
001406
001407
001408
001409
001410
001411
001412
001413
001414
001415
001416
001417
001418
001419
001420
001421
001422
001423
001424
001425
001426
001427
001428
001429
001430
001431
001432
001433
001434
001435
001436
001437
001438
001439
001480
001481
001482
001483
001484
001485
001486
001487
001488
001489
001490
001491
001492
001493
001494
001495
001496
001497
001498
001499
001500
001501
001502
001503
001504
001505
001506
001507
001508
001509
001510
001511
001512
001513
001514
001515
001516
001517
001518
001519
001520
001521
001522
001523
001524
001525
001526
001527
001528
001529
001530
001531
001532
001533
001534
001535
001536
001537
001538
001539
001540
001541
001542
001543
001544
001545
001546
001547
001548
001549
001550
001551
001552
001553
001554
001555
001556
001557
001558
001559
001600
001601
001602
001603
001604
001605
001606
001607
001608
001609
001610
001611
001612
001613
001614
001615
001616
001617
001618
001619
001620
001621
001622
001623
001624
001625
001626
001627
001628
001629
001630
001631
001632
001633
001634
001635
001636
001637
001638
001639
001640
001641
001642
001643
001644
001645
001646
001647
001648
001649
001650
001651
001652
001653
001654
001655
001656
001657
001658
001659
001660
001661
001662
001663
001664
001665
001666
001667
001668
001669
001670
001671
001672
001673
001674
001675
001676
001677
001678
001679
001720
001721
001722
001723
001724
001725
001726
001727
001728
001729
001730
001731
001732
001733
001734
001735
001736
001737
001738
001739
001740
001741
001742
001743
001744
001745
001746
001747
001748
001749
001750
001751
001752
001753
001754
001755
001756
001757
001758
001759
001760
001761
001762
001763
001764
001765
001766
001767
001768
001769
001770
001771
001772
001773
001774
001775
001776
001777
001778
001779
001780
001781
001782
001783
001784
001785
001786
001787
001788
001789
001790
001791
001792
001793
001794
001795
001796
001797
001798
001799
001840
001841
001842
001843
001844
001845
001846
001847
001848
001849
001850
001851
001852
001853
001854
001855
001856
001857
001858
001859
001860
001861
001862
001863
001864
001865
001866
001867
001868
001869
001870
001871
001872
001873
001874
001875
001876
001877
001878
001879
001880
001881
001882
001883
001884
001885
001886
001887
001888
001889
001890
001891
001892
001893
001894
001895
001896
001897
001898
001899
001900
001901
001902
001903
001904
001905
001906
001907
001908
001909
001910
001911
001912
001913
001914
001915
001916
001917
001918
001919
001960
001961
001962
001963
001964
001965
001966
001967
001968
001969
001970
001971
001972
001973
001974
001975
001976
001977
001978
001979
001980
001981
001982
001983
001984
001985
001986
001987
001988
001989
001990
001991
001992
001993
001994
001995
001996
001997
001998
001999
002000
002001
002002
002003
002004
002005
002006
002007
002008
002009
002010
002011
002012
002013
002014
002015
002016
002017
002018
002019
002020
002021
002022
002023
002024
002025
002026
002027
002028
002029
002030
002031
002032
002033
002034
002035
002036
002037
002038
002039
002080
002081
002082
002083
002084
002085
002086
002087
002088
002089
002090
002091
002092
002093
002094
002095
002096
002097
002098
002099
002100
002101
002102
002103
002104
002105
002106
002107
002108
002109
002110
002111
002112
002113
002114
002115
002116
002117
002118
002119
002120
002121
002122
002123
002124
002125
002126
002127
002128
002129
002130
002131
002132
002133
002134
002135
002136
002137
002138
002139
002140
002141
002142
002143
002144
002145
002146
002147
002148
002149
002150
002151
002152
002153
002154
002155
002156
002157
002158
002159
002200
002201
002202
002203
002204
002205
002206
002207
002208
002209
002210
002211
002212
002213
002214
002215
002216
002217
002218
002219
002220
002221
002222
002223
002224
002225
002226
002227
002228
002229
002230
002231
002232
002233
002234
002235
002236
002237
002238
002239
002240
002241
002242
002243
002244
002245
002246
002247
002248
002249
002250
002251
002252
002253
002254
002255
002256
002257
002258
002259
002260
002261
002262
002263
002264
002265
002266
002267
002268
002269
002270
002271
002272
002273
002274
002275
002276
002277
002278
002279
002320
002321
002322
002323
002324
002325
002326
002327
002328
002329
002330
002331
002332
002333
002334
002335
002336
002337
002338
002339
002340
002341
002342
002343
002344
002345
002346
002347
002348
002349
002350
002351
002352
002353
002354
002355
002356
002357
002358
002359
002360
002361
002362
002363
002364
002365
002366
002367
002368
002369
002370
002371
002372
002373
002374
002375
002376
002377
002378
002379
002380
002381
002382
002383
002384
002385
002386
002387
002388
002389
002390
002391
002392
002393
002394
002395
002396
002397
002398
002399
002440
002441
002442
002443
002444
002445
002446
002447
002448
002449
002450
002451
002452
002453
002454
002455
002456
002457
002458
002459
002460
002461
002462
002463
002464
002465
002466
002467
002468
002469
002470
002471
002472
002473
002474
002475
002476
002477
002478
002479
002480
002481
002482
002483
002484
002485
002486
002487
002488
002489
002490
002491
002492
002493
002494
002495
002496
002497
002498
002499
002500
002501
002502
002503
002504
002505
002506
002507
002508
002509
002510
002511
002512
002513
002514
002515
002516
002517
002518
002519
002560
002561
002562
002563
002564
002565
002566
002567
002568
002569
002570
002571
002572
002573
002574
002575
002576
002577
002578
002579
002580
002581
002582
002583
002584
002585
002586
002587
002588
002589
002590
002591
002592
002593
002594
002595
002596
002597
002598
002599
002600
002601
002602
002603
002604
002605
002606
002607
002608
002609
002610
002611
002612
002613
002614
002615
002616
002617
002618
002619
002620
002621
002622
002623
002624
002625
002626
002627
002628
002629
002630
002631
002632
002633
002634
002635
002636
002637
002638
002639
002680
002681
002682
002683
002684
002685
002686
002687
002688
002689
002690
002691
002692
002693
002694
002695
002696
002697
002698
002699
002700
002701
002702
002703
002704
002705
002706
002707
002708
002709
002710
002711
002712
002713
002714
002715
002716
002717
002718
002719
002720
002721
002722
002723
002724
002725
002726
002727
002728
002729
002730
002731
002732
002733
002734
002735
002736
002737
002738
002739
002740
002741
002742
002743
002744
002745
002746
002747
002748
002749
002750
002751
002752
002753
002754
002755
002756
002757
002758
002759
002800
002801
002802
002803
002804
002805
002806
002807
002808
002809
002810
002811
002812
002813
002814
002815
002816
002817
002818
002819
002820
002821
002822
002823
002824
002825
002826
002827
002828
002829
002830
002831
002832
002833
002834
002835
002836
002837
002838
002839
002840
002841
002842
002843
002844
002845
002846
002847
002848
002849
002850
002851
002852
002853
002854
002855
002856
002857
002858
002859
002860
002861
002862
002863
002864
002865
002866
002867
002868
002869
002870
002871
002872
002873
002874
002875
002876
002877
002878
002879
002920
002921
002922
002923
002924
002925
002926
002927
002928
002929
002930
002931
002932
002933
002934
002935
002936
002937
002938
002939
002940
002941
002942
002943
002944
002945
002946
002947
002948
002949
002950
002951
002952
002953
002954
002955
002956
002957
002958
002959
002960
002961
002962
002963
002964
002965
002966
002967
002968
002969
002970
002971
002972
002973
002974
002975
002976
002977
002978
002979
002980
002981
002982
002983
002984
002985
002986
002987
002988
002989
002990
002991
002992
002993
002994
002995
002996
002997
002998
002999
003040
003041
003042
003043
003044
003045
003046
003047
003048
003049
003050
003051
003052
003053
003054
003055
003056
003057
003058
003059
003060
003061
003062
003063
003064
003065
003066
003067
003068
003069
003070
003071
003072
003073
003074
003075
003076
003077
003078
003079
003080
003081
003082
003083
003084
003085
003086
003087
003088
003089
003090
003091
003092
003093
003094
003095
003096
003097
003098
003099
003100
003101
003102
003103
003104
003105
003106
003107
003108
003109
003110
003111
003112
003113
003114
003115
003116
003117
003118
003119
003160
003161
003162
003163
003164
003165
003166
003167
003168
003169
003170
003171
003172
003173
003174
003175
003176
003177
003178
003179
003180
003181
003182
003183
003184
003185
003186
003187
003188
003189
003190
003191
003192
003193
003194
003195
003196
003197
003198
003199
003200
003201
003202
003203
003204
003205
003206
003207
003208
003209
003210
003211
003212
003213
003214
003215
003216
003217
003218
003219
003220
003221
003222
003223
003224
003225
003226
003227
003228
003229
003230
003231
003232
003233
003234
003235
003236
003237
003238
003239
003280
003281
003282
003283
003284
003285
003286
003287
003288
003289
003290
003291
003292
003293
003294
003295
003296
003297
003298
003299
003300
003301
003302
003303
003304
003305
003306
003307
003308
003309
003310
003311
003312
003313
003314
003315
003316
003317
003318
003319
003320
003321
003322
003323
003324
003325
003326
003327
003328
003329
003330
003331
003332
003333
003334
003335
003336
003337
003338
003339
003340
003341
003342
003343
003344
003345
003346
003347
003348
003349
003350
003351
003352
003353
003354
003355
003356
003357
003358
003359
003400
003401
003402
003403
003404
003405
003406
003407
003408
003409
003410
003411
003412
003413
003414
003415
003416
003417
003418
003419
003420
003421
003422
003423
003424
003425
003426
003427
003428
003429
003430
003431
003432
003433
003434
003435
003436
003437
003438
003439
003440
003441
003442
003443
003444
003445
003446
003447
003448
003449
003450
003451
003452
003453
003454
003455
003456
003457
003458
003459
003460
003461
003462
003463
003464
003465
003466
003467
003468
003469
003470
003471
003472
003473
003474
003475
003476
003477
003478
003479
003520
003521
003522
003523
003524
003525
003526
003527
003528
003529
003530
003531
003532
003533
003534
003535
003536
003537
003538
003539
003540
003541
003542
003543
003544
003545
003546
003547
003548
003549
003550
003551
003552
003553
003554
003555
003556
003557
003558
003559
003560
003561
003562
003563
003564
003565
003566
003567
003568
003569
003570
003571
003572
003573
003574
003575
003576
003577
003578
003579
003580
003581
003582
003583
003584
003585
003586
003587
003588
003589
003590
003591
003592
003593
003594
003595
003596
003597
003598
003599
003640
003641
003642
003643
003644
003645
003646
003647
003648
003649
003650
003651
003652
003653
003654
003655
003656
003657
003658
003659
003660
003661
003662
003663
003664
003665
003666
003667
003668
003669
003670
003671
003672
003673
003674
003675
003676
003677
003678
003679
003680
003681
003682
003683
003684
003685
003686
003687
003688
003689
003690
003691
003692
003693
003694
003695
003696
003697
003698
003699
003700
003701
003702
003703
003704
003705
003706
003707
003708
003709
003710
003711
003712
003713
003714
003715
003716
003717
003718
003719
003760
003761
003762
003763
003764
003765
003766
003767
003768
003769
003770
003771
003772
003773
003774
003775
003776
003777
003778
003779
003780
003781
003782
003783
003784
003785
003786
003787
003788
003789
003790
003791
003792
003793
003794
003795
003796
003797
003798
003799
003800
003801
003802
003803
003804
003805
003806
003807
003808
003809
003810
003811
003812
003813
003814
003815
003816
003817
003818
003819
003820
003821
003822
003823
003824
003825
003826
003827
003828
003829
003830
003831
003832
003833
003834
003835
003836
003837
003838
003839
003880
003881
003882
003883
003884
003885
003886
003887
003888
003889
003890
003891
003892
003893
003894
003895
003896
003897
003898
003899
003900
003901
003902
003903
003904
003905
003906
003907
003908
003909
003910
003911
003912
003913
003914
003915
003916
003917
003918
003919
003920
003921
003922
003923
003924
003925
003926
003927
003928
003929
003930
003931
003932
003933
003934
003935
003936
003937
003938
003939
003940
003941
003942
003943
003944
003945
003946
003947
003948
003949
003950
003951
003952
003953
003954
003955
003956
003957
003958
003959
004000
004001
004002
004003
004004
004005
004006
004007
004008
004009
004010
004011
004012
004013
004014
004015
004016
004017
004018
004019
004020
004021
004022
004023
004024
004025
004026
004027
004028
004029
004030
004031
004032
004033
004034
004035
004036
004037
004038
004039
004040
004041
004042
004043
004044
004045
004046
004047
004048
004049
004050
004051
004052
004053
004054
004055
004056
004057
004058
004059
004060
004061
004062
004063
004064
004065
004066
004067
004068
004069
004070
004071
004072
004073
004074
004075
004076
004077
004078
004079
004120
004121
004122
004123
004124
004125
004126
004127
004128
004129
004130
004131
004132
004133
004134
004135
004136
004137
004138
004139
004140
004141
004142
004143
004144
004145
004146
004147
004148
004149
004150
004151
004152
004153
004154
004155
004156
004157
004158
004159
004160
004161
004162
004163
004164
004165
004166
004167
004168
004169
004170
004171
004172
004173
004174
004175
004176
004177
004178
004179
004180
004181
004182
004183
004184
004185
004186
004187
004188
004189
004190
004191
004192
004193
004194
004195
004196
004197
004198
004199
004240
004241
004242
004243
004244
004245
004246
004247
004248
004249
004250
004251
004252
004253
004254
004255
004256
004257
004258
004259
004260
004261
004262
004263
004264
004265
004266
004267
004268
004269
004270
004271
004272
004273
004274
004275
004276
004277
004278
004279
004280
004281
004282
004283
004284
004285
004286
004287
004288
004289
004290
004291
004292
004293
004294
004295
004296
004297
004298
004299
004300
004301
004302
004303
004304
004305
004306
004307
004308
004309
004310
004311
004312
004313
004314
004315
004316
004317
004318
004319
004360
004361
004362
004363
004364
004365
004366
004367
004368
004369
004370
004371
004372
004373
004374
004375
004376
004377
004378
004379
004380
004381
004382
004383
004384
004385
004386
004387
004388
004389
004390
004391
004392
004393
004394
004395
004396
004397
004398
004399
004400
004401
004402
004403
004404
004405
004406
004407
004408
004409
004410
004411
004412
004413
004414
004415
004416
004417
004418
004419
004420
004421
004422
004423
004424
004425
004426
004427
004428
004429
004430
004431
004432
004433
004434
004435
004436
004437
004438
004439
004480
004481
004482
004483
004484
004485
004486
004487
004488
004489
004490
004491
004492
004493
004494
004495
004496
004497
004498
004499
004500
004501
004502
004503
004504
004505
004506
004507
004508
004509
004510
004511
004512
004513
004514
004515
004516
004517
004518
004519
004520
004521
004522
004523
004524
004525
004526
004527
004528
004529
004530
004531
004532
004533
004534
004535
004536
004537
004538
004539
004540
004541
004542
004543
004544
004545
004546
004547
004548
004549
004550
004551
004552
004553
004554
004555
004556
004557
004558
004559
004600
004601
004602
004603
004604
004605
004606
004607
004608
004609
004610
004611
004612
004613
004614
004615
004616
004617
004618
004619
004620
004621
004622
004623
004624
004625
004626
004627
004628
004629
004630
004631
004632
004633
004634
004635
004636
004637
004638
004639
004640
004641
004642
004643
004644
004645
004646
004647
004648
004649
004650
004651
004652
004653
004654
004655
004656
004657
004658
004659
004660
004661
004662
004663
004664
004665
004666
004667
004668
004669
004670
004671
004672
004673
004674
004675
004676
004677
004678
004679
004720
004721
004722
004723
004724
004725
004726
004727
004728
004729
004730
004731
004732
004733
004734
004735
004736
004737
004738
004739
004740
004741
004742
004743
004744
004745
004746
004747
004748
004749
004750
004751
004752
004753
004754
004755
004756
004757
004758
004759
004760
004761
004762
004763
004764
004765
004766
004767
004768
004769
004770
004771
004772
004773
004774
004775
004776
004777
004778
004779
004780
004781
004782
004783
004784
004785
004786
004787
004788
004789
004790
004791
004792
004793
004794
004795
004796
004797
004798
004799
004840
004841
004842
004843
004844
004845
004846
004847
004848
004849
004850
004851
004852
004853
004854
004855
004856
004857
004858
004859
004860
004861
004862
004863
004864
004865
004866
004867
004868
004869
004870
004871
004872
004873
004874
004875
004876
004877
004878
004879
004880
004881
004882
004883
004884
004885
004886
004887
004888
004889
004890
004891
004892
004893
004894
004895
004896
004897
004898
004899
004900
004901
004902
004903
004904
004905
004906
004907
004908
004909
004910
004911
004912
004913
004914
004915
004916
004917
004918
004919
004960
004961
004962
004963
004964
004965
004966
004967
004968
004969
004970
004971
004972
004973
004974
004975
004976
004977
004978
004979
004980
004981
004982
004983
004984
004985
004986
004987
004988
004989
004990
004991
004992
004993
004994
004995
004996
004997
004998
004999
005000
005001
005002
005003
005004
005005
005006
005007
005008
005009
005010
005011
005012
005013
005014
005015
005016
005017
005018
005019
005020
005021
005022
005023
005024
005025
005026
005027
005028
005029
005030
005031
005032
005033
005034
005035
005036
005037
005038
005039
005080
005081
005082
005083
005084
005085
005086
005087
005088
005089
005090
005091
005092
005093
005094
005095
005096
005097
005098
005099
005100
005101
005102
005103
005104
005105
005106
005107
005108
005109
005110
005111
005112
005113
005114
005115
005116
005117
005118
005119
005120
005121
005122
005123
005124
005125
005126
005127
005128
005129
005130
005131
005132
005133
005134
005135
005136
005137
005138
005139
005140
005141
005142
005143
005144
005145
005146
005147
005148
005149
005150
005151
005152
005153
005154
005155
005156
005157
005158
005159
005200
005201
005202
005203
005204
005205
005206
005207
005208
005209
005210
005211
005212
005213
005214
005215
005216
005217
005218
005219
005220
005221
005222
005223
005224
005225
005226
005227
005228
005229
005230
005231
005232
005233
005234
005235
005236
005237
005238
005239
005240
005241
005242
005243
005244
005245
005246
005247
005248
005249
005250
005251
005252
005253
005254
005255
005256
005257
005258
005259
005260
005261
005262
005263
005264
005265
005266
005267
005268
005269
005270
005271
005272
005273
005274
005275
005276
005277
005278
005279
005320
005321
005322
005323
005324
005325
005326
005327
005328
005329
005330
005331
005332
005333
005334
005335
005336
005337
005338
005339
005340
005341
005342
005343
005344
005345
005346
005347
005348
005349
005350
005351
005352
005353
005354
005355
005356
005357
005358
005359
005360
005361
005362
005363
005364
005365
005366
005367
005368
005369
005370
005371
005372
005373
005374
005375
005376
005377
005378
005379
005380
005381
005382
005383
005384
005385
005386
005387
005388
005389
005390
005391
005392
005393
005394
005395
005396
005397
005398
005399
005440
005441
005442
005443
005444
005445
005446
005447
005448
005449
005450
005451
005452
005453
005454
005455
005456
005457
005458
005459
005460
005461
005462
005463
005464
005465
005466
005467
005468
005469
005470
005471
005472
005473
005474
005475
005476
005477
005478
005479
005480
005481
005482
005483
005484
005485
005486
005487
005488
005489
005490
005491
005492
005493
005494
005495
005496
005497
005498
005499
005500
005501
005502
005503
005504
005505
005506
005507
005508
005509
005510
005511
005512
005513
005514
005515
005516
005517
005518
005519
005560
005561
005562
005563
005564
005565
005566
005567
005568
005569
005570
005571
005572
005573
005574
005575
005576
005577
005578
005579
005580
005581
005582
005583
005584
005585
005586
005587
005588
005589
005590
005591
005592
005593
005594
005595
005596
005597
005598
005599
005600
005601
005602
005603
005604
005605
005606
005607
005608
005609
005610
005611
005612
005613
005614
005615
005616
005617
005618
005619
005620
005621
005622
005623
005624
005625
005626
005627
005628
005629
005630
005631
005632
005633
005634
005635
005636
005637
005638
005639
005680
005681
005682
005683
005684
005685
005686
005687
005688
005689
005690
005691
005692
005693
005694
005695
005696
005697
005698
005699
005700
005701
005702
005703
005704
005705
005706
005707
005708
005709
005710
005711
005712
005713
005714
005715
005716
005717
005718
005719
005720
005721
005722
005723
005724
005725
005726
005727
005728
005729
005730
005731
005732
005733
005734
005735
005736
005737
005738
005739
005740
005741
005742
005743
005744
005745
005746
005747
005748
005749
005750
005751
005752
005753
005754
005755
005756
005757
005758
005759
005800
005801
005802
005803
005804
005805
005806
005807
005808
005809
005810
005811
005812
005813
005814
005815
005816
005817
005818
005819
005820
005821
005822
005823
005824
005825
005826
005827
005828
005829
005830
005831
005832
005833
005834
005835
005836
005837
005838
005839
005840
005841
005842
005843
005844
005845
005846
005847
005848
005849
005850
005851
005852
005853
005854
005855
005856
005857
005858
005859
005860
005861
005862
005863
005864
005865
005866
005867
005868
005869
005870
005871
005872
005873
005874
005875
005876
005877
005878
005879
005920
005921
005922
005923
005924
005925
005926
005927
005928
005929
005930
005931
005932
005933
005934
005935
005936
005937
005938
005939
005940
005941
005942
005943
005944
005945
005946
005947
005948
005949
005950
005951
005952
005953
005954
005955
005956
005957
005958
005959
005960
005961
005962
005963
005964
005965
005966
005967
005968
005969
005970
005971
005972
005973
005974
005975
005976
005977
005978
005979
005980
005981
005982
005983
005984
005985
005986
005987
005988
005989
005990
005991
005992
005993
005994
005995
005996
005997
005998
005999
006040
006041
006042
006043
006044
006045
006046
006047
006048
006049
006050
006051
006052
006053
006054
006055
006056
006057
006058
006059
006060
006061
006062
006063
006064
006065
006066
006067
006068
006069
006070
006071
006072
006073
006074
006075
006076
006077
006078
006079
006080
006081
006082
006083
006084
006085
006086
006087
006088
006089
006090
006091
006092
006093
006094
006095
006096
006097
006098
006099
006100
006101
006102
006103
006104
006105
006106
006107
006108
006109
006110
006111
006112
006113
006114
006115
006116
006117
006118
006119
006160
006161
006162
006163
006164
006165
006166
006167
006168
006169
006170
006171
006172
006173
006174
006175
006176
006177
006178
006179
006180
006181
006182
006183
006184
006185
006186
006187
006188
006189
006190
006191
006192
006193
006194
006195
006196
006197
006198
006199
006200
006201
006202
006203
006204
006205
006206
006207
006208
006209
006210
006211
006212
006213
006214
006215
006216
006217
006218
006219
006220
006221
006222
006223
006224
006225
006226
006227
006228
006229
006230
006231
006232
006233
006234
006235
006236
006237
006238
006239
006280
006281
006282
006283
006284
006285
006286
006287
006288
006289
006290
006291
006292
006293
006294
006295
006296
006297
006298
006299
006300
006301
006302
006303
006304
006305
006306
006307
006308
006309
006310
006311
006312
006313
006314
006315
006316
006317
006318
006319
006320
006321
006322
006323
006324
006325
006326
006327
006328
006329
006330
006331
006332
006333
006334
006335
006336
006337
006338
006339
006340
006341
006342
006343
006344
006345
006346
006347
006348
006349
006350
006351
006352
006353
006354
006355
006356
006357
006358
006359
006400
006401
006402
006403
006404
006405
006406
006407
006408
006409
006410
006411
006412
006413
006414
006415
006416
006417
006418
006419
006420
006421
006422
006423
006424
006425
006426
006427
006428
006429
006430
006431
006432
006433
006434
006435
006436
006437
006438
006439
006440
006441
006442
006443
006444
006445
006446
006447
006448
006449
006450
006451
006452
006453
006454
006455
006456
006457
006458
006459
006460
006461
006462
006463
006464
006465
006466
006467
006468
006469
006470
006471
006472
006473
006474
006475
006476
006477
006478
006479
006520
006521
006522
006523
006524
006525
006526
006527
006528
006529
006530
006531
006532
006533
006534
006535
006536
006537
006538
006539
006540
006541
006542
006543
006544
006545
006546
006547
006548
006549
006550
006551
006552
006553
006554
006555
006556
006557
006558
006559
006560
006561
006562
006563
006564
006565
006566
006567
006568
006569
006570
006571
006572
006573
006574
006575
006576
006577
006578
006579
006580
006581
006582
006583
006584
006585
006586
006587
006588
006589
006590
006591
006592
006593
006594
006595
006596
006597
006598
006599
006640
006641
006642
006643
006644
006645
006646
006647
006648
006649
006650
006651
006652
006653
006654
006655
006656
006657
006658
006659
006660
006661
006662
006663
006664
006665
006666
006667
006668
006669
006670
006671
006672
006673
006674
006675
006676
006677
006678
006679
006680
006681
006682
006683
006684
006685
006686
006687
006688
006689
006690
006691
006692
006693
006694
006695
006696
006697
006698
006699
006700
006701
006702
006703
006704
006705
006706
006707
006708
006709
006710
006711
006712
006713
006714
006715
006716
006717
006718
006719
006760
006761
006762
006763
006764
006765
006766
006767
006768
006769
006770
006771
006772
006773
006774
006775
006776
006777
006778
006779
006780
006781
006782
006783
006784
006785
006786
006787
006788
006789
006790
006791
006792
006793
006794
006795
006796
006797
006798
006799
006800
006801
006802
006803
006804
006805
006806
006807
006808
006809
006810
006811
006812
006813
006814
006815
006816
006817
006818
006819
006820
006821
006822
006823
006824
006825
006826
006827
006828
006829
006830
006831
006832
006833
006834
006835
006836
006837
006838
006839
006880
006881
006882
006883
006884
006885
006886
006887
006888
006889
006890
006891
006892
006893
006894
006895
006896
006897
006898
006899
006900
006901
006902
006903
006904
006905
006906
006907
006908
006909
006910
006911
006912
006913
006914
006915
006916
006917
006918
006919
006920
006921
006922
006923
006924
006925
006926
006927
006928
006929
006930
006931
006932
006933
006934
006935
006936
006937
006938
006939
006940
006941
006942
006943
006944
006945
006946
006947
006948
006949
006950
006951
006952
006953
006954
006955
006956
006957
006958
006959
007000
007001
007002
007003
007004
007005
007006
007007
007008
007009
007010
007011
007012
007013
007014
007015
007016
007017
007018
007019
007020
007021
007022
007023
007024
007025
007026
007027
007028
007029
007030
007031
007032
007033
007034
007035
007036
007037
007038
007039
007040
007041
007042
007043
007044
007045
007046
007047
007048
007049
007050
007051
007052
007053
007054
007055
007056
007057
007058
007059
007060
007061
007062
007063
007064
007065
007066
007067
007068
007069
007070
007071
007072
007073
007074
007075
007076
007077
007078
007079
007120
007121
007122
007123
007124
007125
007126
007127
007128
007129
007130
007131
007132
007133
007134
007135
007136
007137
007138
007139
007140
007141
007142
007143
007144
007145
007146
007147
007148
007149
007301
007302
007303
007304
007305
007306
007307
007308
007309
007310
007311
007312
007313
007314
007315
007316
007317
007318
007319
007360
007361
007362
007363
007364
007365
007366
007367
007368
007369
007370
007371
007372
007373
007374
007375
007376
007377
007378
007379
007380
007381
007382
007383
007384
007385
007386
007387
007388
007389
007390
007391
007392
007393
007394
007395
007396
007397
007398
007399
007400
007401
007402
007403
007404
007405
007406
007407
007408
007409
007410
007411
007412
007413
007414
007415
007416
007417
007418
007419
007420
007421
007422
007423
007424
007425
007426
007427
007428
007429
007430
007431
007432
007433
007434
007435
007436
007437
007438
007439
007480
007481
007482
007483
007484
007485
007486
007487
007488
007489
007490
007491
007492
007493
007494
007495
007496
007497
007498
007499
007500
007501
007502
007503
007504
007505
007506
007507
007508
007509
007510
007511
007512
007513
007514
007515
007516
007517
007518
007519
007520
007521
007522
007523
007524
007525
007526
007527
007528
007529
007530
007531
007532
007533
007534
007535
007536
007537
007538
007539
007540
007541
007542
007543
007544
007545
007546
007547
007548
007549
007550
007551
007552
007553
007554
007555
007556
007557
007558
007559
007600
007601
007602
007603
007604
007605
007606
007607
007608
007609
007610
007611
007612
007613
007614
007615
007616
007617
007618
007619
007620
007621
007622
007623
007624
007625
007626
007627
007628
007629
007630
007631
007632
007633
007634
007635
007636
007637
007638
007639
007640
007641
007642
007643
007644
007645
007646
007647
007648
007649
007650
007651
007652
007653
007654
007655
007656
007657
007658
007659
007660
007661
007662
007663
007664
007665
007666
007667
007668
007669
007670
007671
007672
007673
007674
007675
007676
007677
007678
007679
007720
007721
007722
007723
007724
007725
007726
007727
007728
007729
007730
007731
007732
007733
007734
007735
007736
007737
007738
007739
007740
007741
007742
007743
007744
007745
007746
007747
007748
007749
007750
007751
007752
007753
007754
007755
007756
007757
007758
007759
007760
007761
007762
007763
007764
007765
007766
007767
007768
007769
007770
007771
007772
007773
007774
007775
007776
007777
007778
007779
007780
007781
007782
007783
007784
007785
007786
007787
007788
007789
007790
007791
007792
007793
007794
007795
007796
007797
007798
007799
007840
007841
007842
007843
007844
007845
007846
007847
007848
007849
007850
007851
007852
007853
007854
007855
007856
007857
007858
007859
007860
007861
007862
007863
007864
007865
007866
007867
007868
007869
007870
007871
007872
007873
007874
007875
007876
007877
007878
007879
007880
007881
007882
007883
007884
007885
007886
007887
007888
007889
007890
007891
007892
007893
007894
007895
007896
007897
007898
007899
007900
007901
007902
007903
007904
007905
007906
007907
007908
007909
007910
007911
007912
007913
007914
007915
007916
007917
007918
007919
