Pedestrian 0 0 -10 635.82 804.36 731.27 1029.49 0.64 0.59 1.74 -2.30 3.27 12.40 1.67 0.6062
Pedestrian 0 0 -10 1406.64 987.94 1521.49 1216.00 0.60 0.65 1.60 3.97 4.57 11.80 0.80 0.4330
Pedestrian 0 0 -10 146.06 818.39 217.92 983.74 0.65 0.68 1.71 -8.81 3.96 16.93 -0.41 0.3826
Pedestrian 0 0 -10 531.60 742.79 644.07 981.52 0.66 0.59 1.75 -2.91 2.70 11.69 1.79 0.3680
Pedestrian 0 0 -10 623.17 925.05 701.12 1112.63 0.67 0.48 1.66 -2.86 4.59 14.34 1.52 0.3067
Pedestrian 0 0 -10 1324.47 979.85 1424.53 1209.33 0.59 0.66 1.62 3.39 4.63 12.27 0.52 0.3064
Cyclist 0 0 -10 1509.61 860.17 1759.87 1151.23 0.83 1.97 1.79 5.30 3.83 11.94 -1.77 0.3385
Cyclist 0 0 -10 221.24 892.66 546.21 1166.26 0.69 2.02 1.68 -4.00 3.62 10.43 0.08 0.3351
Car 0 0 -10 953.26 793.56 1772.05 1102.26 1.87 4.37 1.43 2.14 2.54 8.92 -0.01 0.8461
Car 0 0 -10 1614.18 831.37 1936.00 987.78 1.80 3.92 1.51 10.97 4.51 20.17 0.39 0.3110
