Pedestrian 0 0 -10 954.04 751.42 1029.88 952.64 0.61 0.61 1.67 0.26 2.81 13.14 3.06 0.4568
Pedestrian 0 0 -10 475.20 736.48 539.34 932.58 0.66 0.55 1.69 -4.16 2.75 13.74 -0.27 0.3540
Pedestrian 0 0 -10 1690.36 621.14 1936.00 1216.00 0.69 0.58 1.66 2.48 1.65 4.26 -2.93 0.3317
Pedestrian 0 0 -10 1072.34 766.41 1117.55 884.99 0.62 0.61 1.71 2.02 3.89 22.70 3.11 0.3092
Pedestrian 0 0 -10 1092.86 768.07 1154.46 927.86 0.65 0.61 1.73 1.84 3.39 17.03 -1.55 0.3022
Cyclist 0 0 -10 721.78 749.03 888.59 905.60 0.78 1.88 1.70 -1.79 3.18 17.36 -0.04 0.4516
Cyclist 0 0 -10 827.36 785.66 916.62 864.48 0.71 1.99 1.68 -2.08 5.48 34.75 2.94 0.4261
Car 0 0 -10 0.00 694.69 773.67 1216.00 1.81 4.24 1.56 -2.87 1.84 5.10 0.00 0.7837
Car 0 0 -10 562.89 790.91 719.25 855.97 1.77 4.04 1.48 -8.70 6.14 40.89 -0.12 0.5967
Car 0 0 -10 1198.55 702.60 1936.00 1216.00 1.97 4.68 1.82 3.54 2.22 6.62 0.02 0.4195
Car 0 0 -10 527.21 790.95 720.19 868.18 1.80 4.14 1.48 -7.70 5.42 34.43 -0.10 0.3993
