Pedestrian 0 0 -10 856.53 779.96 884.81 854.92 0.59 0.61 1.63 -2.07 5.21 34.20 3.02 0.4001
Pedestrian 0 0 -10 1345.60 703.00 1581.47 1085.18 0.70 0.70 1.44 2.05 1.79 6.18 -1.67 0.3893
Pedestrian 0 0 -10 944.69 750.58 1026.08 952.69 0.61 0.63 1.65 0.20 2.76 12.93 3.02 0.3516
Pedestrian 0 0 -10 1071.16 768.74 1116.36 890.09 0.63 0.59 1.72 1.97 3.89 22.27 3.09 0.3123
Cyclist 0 0 -10 719.15 741.02 884.62 897.27 0.81 1.89 1.72 -1.86 3.12 17.60 -0.07 0.4749
Car 0 0 -10 565.55 791.54 720.21 858.14 1.77 4.01 1.50 -8.59 6.16 40.64 -0.15 0.7004
Car 0 0 -10 0.00 670.18 752.65 1216.00 1.81 4.16 1.59 -2.86 1.76 4.62 0.01 0.6971
Car 0 0 -10 523.90 793.22 717.82 872.43 1.80 4.13 1.50 -7.70 5.47 34.14 -0.11 0.4976
Car 0 0 -10 593.25 791.43 720.32 849.02 1.81 3.96 1.55 -9.82 7.08 48.47 -0.15 0.3582
Car 0 0 -10 1150.95 736.94 1936.00 1095.91 1.90 4.51 1.76 3.48 2.53 9.18 0.08 0.3139
