Pedestrian 0 0 -10 880.38 780.48 910.65 861.53 0.61 0.63 1.66 -1.42 5.04 32.21 3.06 0.4036
Pedestrian 0 0 -10 1744.44 590.67 1936.00 1216.00 0.66 0.56 1.72 2.31 1.64 3.53 -0.01 0.3559
Pedestrian 0 0 -10 797.91 798.20 822.81 866.79 0.60 0.62 1.67 -3.88 6.17 38.45 -0.07 0.3321
Pedestrian 0 0 -10 1270.39 732.41 1379.69 979.98 0.67 0.59 1.73 2.70 2.56 11.13 3.02 0.3043
Cyclist 0 0 -10 732.25 750.57 893.33 903.29 0.81 1.91 1.73 -1.79 3.30 18.22 -0.07 0.5543
Car 0 0 -10 536.93 785.80 727.70 869.54 1.78 3.94 1.54 -7.16 5.20 32.89 -0.12 0.8282
Car 0 0 -10 579.52 789.32 731.43 858.40 1.74 3.82 1.52 -7.98 5.96 39.33 -0.14 0.7672
Car 0 0 -10 0.00 586.54 687.63 1216.00 1.83 4.04 1.69 -2.83 1.63 3.52 0.01 0.7077
Car 0 0 -10 604.62 788.97 735.41 847.57 1.84 3.98 1.53 -9.15 6.85 47.22 -0.16 0.6915
Car 0 0 -10 492.18 771.91 736.61 880.39 1.77 3.77 1.55 -5.74 4.12 25.12 -0.07 0.4364
Car 0 0 -10 159.97 792.00 336.37 852.69 1.85 4.63 1.52 -22.06 6.86 46.42 2.94 0.3191
