Pedestrian 0 0 -10 945.61 751.34 1043.87 976.45 0.61 0.69 1.67 0.26 2.70 11.82 3.01 0.4878
Pedestrian 0 0 -10 858.12 791.68 884.30 863.51 0.54 0.55 1.52 -2.02 5.29 33.44 3.02 0.3972
Pedestrian 0 0 -10 1382.96 753.18 1665.00 1160.78 0.67 0.77 1.31 2.05 1.82 5.53 -1.76 0.3555
Pedestrian 0 0 -10 1122.62 782.91 1197.94 954.46 0.61 0.54 1.61 2.01 3.24 15.09 -1.10 0.3110
Cyclist 0 0 -10 718.45 744.66 880.64 897.43 0.78 1.90 1.70 -1.96 3.19 18.05 -0.17 0.3275
Car 0 0 -10 555.40 793.60 714.93 861.57 1.78 4.06 1.48 -8.62 6.11 39.82 -0.16 0.8293
Car 0 0 -10 530.41 786.70 708.07 868.41 1.74 3.74 1.53 -7.60 5.27 33.50 -0.14 0.5022
Car 0 0 -10 0.00 656.36 674.67 1216.00 1.78 3.89 1.63 -3.00 1.74 4.63 -0.01 0.4966
Car 0 0 -10 1154.77 746.17 1936.00 1098.33 1.88 4.48 1.67 3.48 2.46 8.75 0.02 0.4494
Car 0 0 -10 590.62 790.50 722.81 848.64 1.84 4.06 1.56 -9.76 7.03 48.17 -0.14 0.3146
Car 0 0 -10 786.76 786.76 942.57 856.81 1.80 4.01 1.61 -2.70 6.30 42.03 0.25 0.3031
