Pedestrian 0 0 -10 792.00 828.67 816.91 897.53 0.62 0.62 1.67 -4.04 6.96 38.51 -0.08 0.4360
Pedestrian 0 0 -10 877.39 785.72 908.02 864.71 0.58 0.61 1.64 -1.51 5.20 32.77 2.99 0.3774
Pedestrian 0 0 -10 1003.91 736.51 1095.20 973.64 0.61 0.61 1.69 0.66 2.55 11.27 3.06 0.3283
Cyclist 0 0 -10 728.10 755.75 889.79 908.62 0.84 1.91 1.73 -1.83 3.36 18.18 -0.06 0.5061
Car 0 0 -10 0.00 652.11 662.49 1216.00 1.78 3.86 1.62 -2.97 1.71 4.35 -0.01 0.7725
Car 0 0 -10 536.58 784.18 717.15 868.11 1.74 3.75 1.56 -7.32 5.19 33.02 -0.13 0.7034
Car 0 0 -10 606.42 786.57 731.34 844.45 1.84 3.82 1.52 -9.25 6.78 47.44 -0.18 0.6144
Car 0 0 -10 570.63 790.12 722.69 859.02 1.75 3.81 1.53 -8.28 6.03 39.63 -0.13 0.6014
Car 0 0 -10 461.46 769.52 715.34 882.19 1.80 3.95 1.64 -6.27 4.20 25.49 -0.08 0.4534
Car 0 0 -10 1263.14 565.46 1936.00 1216.00 1.93 4.24 1.90 2.97 1.82 3.08 -0.07 0.3253
