Pedestrian 0 0 -10 859.06 788.20 888.11 860.50 0.61 0.68 1.68 -2.15 5.72 36.63 -0.12 0.4455
Pedestrian 0 0 -10 836.44 710.01 945.59 1006.74 0.65 0.62 1.64 -0.42 2.17 8.82 -0.06 0.3881
Pedestrian 0 0 -10 1210.08 730.53 1391.36 1090.27 0.63 0.71 1.64 1.66 2.19 7.39 3.03 0.3528
Pedestrian 0 0 -10 941.24 780.94 980.54 870.97 0.63 0.65 1.65 -0.01 4.72 29.09 2.94 0.3424
Pedestrian 0 0 -10 963.37 777.32 1002.62 868.51 0.66 0.64 1.64 0.41 4.58 28.48 2.97 0.3211
Pedestrian 0 0 -10 1367.06 690.83 1591.26 1109.67 0.63 0.60 1.58 2.13 1.87 6.17 -1.96 0.3164
Cyclist 0 0 -10 785.00 761.30 935.83 904.03 0.90 1.91 1.74 -1.29 3.56 19.52 -0.01 0.6071
Car 0 0 -10 632.13 790.94 803.74 864.86 1.83 4.11 1.53 -5.99 5.78 37.17 -0.11 0.7932
Car 0 0 -10 671.88 789.77 814.22 850.13 1.86 4.17 1.52 -6.56 6.63 45.17 -0.12 0.6051
Car 0 0 -10 528.94 770.67 790.55 886.94 1.77 3.72 1.51 -4.52 3.83 22.88 -0.06 0.5693
Car 0 0 -10 0.00 658.47 514.47 1216.00 1.81 4.06 1.61 -3.63 1.73 4.43 0.02 0.5129
Car 0 0 -10 602.06 782.25 804.33 873.33 1.91 3.93 1.57 -5.23 4.92 30.72 -0.07 0.3704
