Pedestrian 0 0 -10 830.12 706.61 946.81 1015.18 0.64 0.64 1.67 -0.41 2.16 8.61 0.00 0.4346
Pedestrian 0 0 -10 868.43 784.60 895.45 857.34 0.62 0.66 1.70 -1.94 5.64 36.61 -0.05 0.3736
Pedestrian 0 0 -10 1101.29 753.08 1189.63 975.83 0.65 0.61 1.66 1.45 2.71 11.86 -0.02 0.3633
Pedestrian 0 0 -10 1236.69 725.73 1456.24 1114.04 0.63 0.78 1.64 1.76 2.13 6.90 2.93 0.3448
Pedestrian 0 0 -10 911.63 790.20 942.46 861.73 0.58 0.58 1.65 -0.84 5.74 36.61 0.36 0.3254
Pedestrian 0 0 -10 971.10 777.62 1008.84 867.80 0.62 0.63 1.62 0.54 4.55 28.35 3.02 0.3229
Cyclist 0 0 -10 796.78 768.33 945.34 910.70 0.84 1.90 1.73 -1.16 3.65 19.54 -0.02 0.5535
Car 0 0 -10 672.83 785.35 814.03 846.54 1.86 4.09 1.53 -6.47 6.46 44.72 -0.11 0.5599
Car 0 0 -10 603.32 783.15 794.03 872.80 1.84 3.68 1.53 -5.28 4.87 30.46 -0.09 0.5504
Car 0 0 -10 638.19 787.35 809.51 859.02 1.79 4.08 1.50 -5.85 5.66 37.23 -0.08 0.5272
