Pedestrian 0 0 -10 930.30 787.48 964.98 873.27 0.64 0.63 1.64 -0.28 4.97 30.27 3.01 0.4259
Pedestrian 0 0 -10 838.21 794.92 863.09 863.54 0.61 0.60 1.64 -2.79 5.96 37.70 -0.11 0.3484
Pedestrian 0 0 -10 915.37 785.70 948.39 868.09 0.62 0.63 1.61 -0.61 4.97 30.88 3.04 0.3256
Pedestrian 0 0 -10 1043.79 763.33 1132.73 997.82 0.63 0.56 1.58 0.91 2.60 10.77 -0.04 0.3061
Cyclist 0 0 -10 753.07 751.73 908.44 900.86 0.91 1.91 1.74 -1.66 3.39 18.94 -0.11 0.4917
Car 0 0 -10 0.00 400.30 589.66 1216.00 1.88 4.21 1.71 -2.89 1.54 2.15 0.04 0.8596
Car 0 0 -10 576.26 786.56 772.29 875.18 1.88 3.86 1.58 -5.99 5.10 31.57 -0.07 0.6107
Car 0 0 -10 622.52 783.25 772.62 854.25 1.76 3.66 1.55 -6.70 5.71 38.31 -0.10 0.5933
Car 0 0 -10 634.12 786.34 772.80 847.90 1.91 4.12 1.58 -7.90 6.68 46.05 -0.14 0.5379
Car 0 0 -10 508.07 774.13 766.07 889.08 1.78 3.88 1.52 -5.07 4.01 23.84 -0.13 0.4241
