Pedestrian 0 0 -10 1175.99 715.58 1325.55 1065.48 0.66 0.70 1.71 1.55 2.22 7.97 1.96 0.5129
Pedestrian 0 0 -10 1678.40 544.18 1936.00 1216.00 0.67 0.56 1.71 2.22 1.53 3.62 1.27 0.5004
Pedestrian 0 0 -10 844.23 792.30 869.36 861.39 0.59 0.60 1.63 -2.60 5.83 37.22 -0.11 0.3690
Pedestrian 0 0 -10 765.21 699.97 864.11 980.67 0.64 0.60 1.67 -0.91 2.15 9.40 -0.07 0.3625
Pedestrian 0 0 -10 939.48 777.77 975.62 864.55 0.61 0.65 1.63 -0.08 4.70 29.67 3.01 0.3242
Pedestrian 0 0 -10 1047.24 761.42 1146.78 1016.94 0.64 0.61 1.63 0.91 2.59 10.19 -0.02 0.3018
Cyclist 0 0 -10 753.83 757.22 907.98 902.72 0.87 1.92 1.72 -1.70 3.49 19.36 -0.17 0.3980
Cyclist 0 0 -10 907.05 768.12 1008.20 860.03 0.79 1.91 1.69 -0.08 4.60 29.79 2.97 0.3391
Car 0 0 -10 624.95 785.74 782.09 857.82 1.75 3.75 1.53 -6.41 5.68 37.49 -0.09 0.8742
Car 0 0 -10 0.00 482.18 512.46 1216.00 1.81 3.97 1.60 -2.86 1.49 2.01 0.01 0.7441
Car 0 0 -10 654.39 785.80 788.94 845.08 1.82 3.98 1.52 -7.27 6.56 45.68 -0.11 0.6572
Car 0 0 -10 581.39 785.70 780.92 874.91 1.84 3.89 1.55 -5.73 5.00 30.99 -0.08 0.6370
Car 0 0 -10 384.66 766.49 748.48 922.00 1.77 3.85 1.51 -4.47 3.25 17.43 -0.08 0.5920
Car 0 0 -10 505.81 773.15 763.85 888.18 1.78 3.73 1.51 -5.01 3.93 23.35 -0.08 0.5758
Car 0 0 -10 0.00 757.89 158.90 854.94 1.73 4.58 1.59 -17.83 4.17 28.07 3.10 0.3027
