Pedestrian 0 0 -10 1051.44 742.00 1174.00 1014.67 0.63 0.75 1.70 0.99 2.51 9.94 3.14 0.4770
Pedestrian 0 0 -10 912.25 781.66 942.09 860.58 0.58 0.59 1.58 -0.72 4.91 31.49 3.06 0.3455
Pedestrian 0 0 -10 817.67 794.69 843.10 864.62 0.65 0.64 1.67 -3.31 6.01 37.83 -0.08 0.3167
Cyclist 0 0 -10 743.49 756.90 899.05 906.93 0.87 1.90 1.73 -1.77 3.44 18.80 -0.16 0.5899
Car 0 0 -10 0.00 617.29 600.61 1216.00 1.81 4.00 1.61 -2.94 1.60 2.93 0.03 0.8087
Car 0 0 -10 588.80 788.81 761.38 859.20 1.81 4.24 1.49 -7.26 5.81 38.27 -0.13 0.7619
Car 0 0 -10 627.13 783.19 755.00 841.16 1.82 3.86 1.52 -8.39 6.59 46.72 -0.14 0.4816
Car 0 0 -10 389.79 770.37 725.72 920.05 1.83 3.82 1.53 -4.89 3.45 18.61 -0.12 0.4579
Car 0 0 -10 468.97 774.24 737.79 888.35 1.81 4.08 1.52 -5.69 4.06 24.21 -0.14 0.4226
Car 0 0 -10 555.17 778.86 744.72 867.03 1.80 3.80 1.58 -6.55 4.97 31.80 -0.11 0.3405
