Pedestrian 0 0 -10 1036.38 746.22 1143.18 1009.81 0.61 0.64 1.69 0.87 2.55 10.22 3.07 0.3526
Pedestrian 0 0 -10 813.44 797.96 839.07 866.84 0.63 0.63 1.66 -3.43 6.11 38.07 -0.06 0.3325
Pedestrian 0 0 -10 1110.05 742.23 1186.12 905.19 0.64 0.58 1.74 2.13 3.12 17.07 2.31 0.3068
Pedestrian 0 0 -10 1646.96 685.45 1936.00 1216.00 0.67 0.67 1.60 2.26 1.78 4.08 2.07 0.3034
Cyclist 0 0 -10 735.69 750.49 894.33 901.93 0.87 1.90 1.73 -1.85 3.36 18.77 -0.20 0.5735
Car 0 0 -10 0.00 613.57 672.83 1216.00 1.80 3.96 1.64 -2.81 1.62 3.34 0.02 0.7261
Car 0 0 -10 623.32 788.79 753.41 847.26 1.83 3.93 1.52 -8.52 6.79 46.86 -0.16 0.7246
Car 0 0 -10 588.47 789.92 761.18 858.83 1.79 4.28 1.48 -7.35 5.87 38.71 -0.12 0.6310
Car 0 0 -10 474.54 779.09 742.60 892.56 1.89 4.10 1.60 -5.81 4.30 25.05 -0.05 0.5068
Car 0 0 -10 0.00 791.90 228.28 874.52 1.84 4.37 1.55 -19.21 5.45 33.81 3.03 0.4783
Car 0 0 -10 559.90 791.28 749.81 875.21 1.79 3.87 1.50 -6.55 5.22 32.29 -0.11 0.3383
