Pedestrian 0 0 -10 1071.10 776.07 1128.71 903.03 0.62 0.67 1.67 1.94 3.83 20.94 2.99 0.3718
Pedestrian 0 0 -10 960.37 794.78 980.79 848.75 0.60 0.59 1.62 0.29 7.03 47.27 3.04 0.3583
Pedestrian 0 0 -10 915.64 778.61 945.60 858.28 0.63 0.65 1.66 -0.67 5.07 32.82 -0.03 0.3354
Pedestrian 0 0 -10 1518.86 725.80 1751.94 1131.88 0.71 0.69 1.56 2.81 2.01 6.29 1.66 0.3297
Pedestrian 0 0 -10 1106.18 753.65 1219.75 969.51 0.77 0.63 1.62 1.61 2.68 12.00 -1.70 0.3272
Cyclist 0 0 -10 807.38 766.38 952.99 904.11 0.87 1.92 1.74 -1.14 3.76 20.78 -0.19 0.4692
Car 0 0 -10 662.13 782.74 839.82 864.51 1.74 3.55 1.51 -4.43 4.96 31.85 -0.00 0.7835
Car 0 0 -10 706.66 789.19 861.06 858.24 1.88 3.97 1.56 -4.67 6.06 39.86 -0.05 0.6294
Car 0 0 -10 594.68 781.76 843.21 886.92 1.79 3.87 1.51 -4.01 4.25 25.18 0.03 0.5389
Car 0 0 -10 745.54 791.32 878.75 849.82 1.88 4.19 1.63 -4.80 7.15 48.55 -0.04 0.3636
Car 0 0 -10 193.50 762.90 756.79 999.31 1.78 3.86 1.47 -3.58 2.64 11.62 3.05 0.3474
