Pedestrian 0 0 -10 960.79 792.46 981.68 848.42 0.58 0.61 1.67 0.31 6.94 46.71 3.07 0.4858
Pedestrian 0 0 -10 1077.08 767.88 1135.93 897.77 0.63 0.68 1.67 1.97 3.64 20.30 3.02 0.4074
Pedestrian 0 0 -10 938.06 780.62 970.02 861.09 0.59 0.63 1.65 -0.16 5.06 32.34 -0.11 0.3653
Pedestrian 0 0 -10 1041.68 772.48 1093.07 898.17 0.61 0.64 1.70 1.51 3.84 21.36 3.05 0.3186
Cyclist 0 0 -10 1028.00 748.20 1176.26 878.78 0.79 1.91 1.67 1.96 3.44 20.88 2.92 0.4796
Cyclist 0 0 -10 812.03 767.05 955.66 903.29 0.86 1.92 1.73 -1.09 3.76 20.79 -0.15 0.3457
Car 0 0 -10 589.19 777.83 852.83 882.52 1.79 4.07 1.47 -3.88 4.09 24.66 -0.01 0.8967
Car 0 0 -10 706.80 781.13 859.38 851.17 1.85 3.87 1.57 -4.63 5.79 39.27 -0.06 0.6427
Car 0 0 -10 672.39 773.06 864.66 859.19 1.80 3.88 1.57 -4.01 4.80 31.61 -0.04 0.6345
Car 0 0 -10 123.30 750.47 747.02 1002.80 1.80 3.96 1.52 -3.65 2.52 10.95 -0.04 0.4348
Car 0 0 -10 0.00 617.18 451.87 1216.00 1.85 4.10 1.60 -3.34 1.59 2.90 -0.05 0.3325
Car 0 0 -10 742.00 791.30 867.97 850.65 1.77 3.65 1.53 -4.65 6.63 44.87 -0.04 0.3116
