Pedestrian 0 0 -10 978.10 784.28 1011.92 873.28 0.61 0.64 1.64 0.65 4.77 29.03 -0.00 0.3960
Pedestrian 0 0 -10 997.31 800.12 1018.70 853.75 0.64 0.64 1.68 1.55 7.53 49.56 3.05 0.3728
Pedestrian 0 0 -10 1172.80 757.25 1258.92 939.03 0.67 0.68 1.72 2.56 3.09 15.08 2.99 0.3622
Pedestrian 0 0 -10 1315.95 788.47 1498.31 1087.64 0.71 0.95 1.25 2.15 2.10 7.32 -1.44 0.3520
Pedestrian 0 0 -10 774.06 740.64 878.99 983.98 0.65 0.60 1.61 -0.96 2.46 10.61 1.32 0.3083
Cyclist 0 0 -10 860.50 775.65 997.73 907.43 0.83 1.92 1.74 -0.48 3.95 21.38 -0.08 0.3248
Car 0 0 -10 672.01 783.70 876.43 879.76 1.71 3.46 1.49 -3.32 4.45 26.99 0.01 0.8914
Car 0 0 -10 587.74 779.13 876.99 909.35 1.76 3.67 1.51 -3.05 3.72 20.46 0.02 0.8854
Car 0 0 -10 729.59 782.36 896.07 856.84 1.78 3.76 1.49 -3.42 5.27 34.96 -0.03 0.7958
Car 0 0 -10 0.00 490.75 551.91 1216.00 1.88 4.17 1.69 -2.96 1.58 2.22 0.04 0.4744
Car 0 0 -10 777.79 801.95 911.70 862.11 1.79 3.91 1.53 -3.44 6.94 44.69 -0.04 0.4744
Car 0 0 -10 401.91 778.49 539.54 835.37 1.68 3.68 1.53 -15.13 6.37 46.22 0.05 0.4413
Car 0 0 -10 791.44 793.22 924.66 848.84 1.91 4.44 1.63 -3.47 7.48 50.95 -0.02 0.3764
Car 0 0 -10 238.83 761.82 444.23 831.86 1.72 4.22 1.48 -14.83 4.85 35.93 -3.13 0.3004
