Pedestrian 0 0 -10 995.88 796.26 1015.31 847.86 0.65 0.63 1.66 1.50 7.50 50.66 3.12 0.4897
Pedestrian 0 0 -10 972.76 781.70 1006.69 870.93 0.61 0.66 1.69 0.56 4.84 29.73 -0.01 0.4610
Pedestrian 0 0 -10 1010.39 798.37 1032.81 861.63 0.59 0.58 1.68 1.68 6.56 41.75 3.09 0.4445
Pedestrian 0 0 -10 1162.58 773.73 1238.58 944.86 0.65 0.65 1.69 2.51 3.29 15.75 3.06 0.3974
Pedestrian 0 0 -10 1254.41 761.08 1437.78 1049.56 0.73 0.77 1.40 2.05 2.17 8.06 1.45 0.3630
Cyclist 0 0 -10 858.15 770.69 993.23 901.94 0.84 1.90 1.74 -0.52 3.88 21.43 -0.07 0.3564
Car 0 0 -10 603.10 778.07 876.85 904.74 1.75 3.59 1.53 -3.07 3.80 21.23 0.03 0.9324
Car 0 0 -10 683.96 783.29 886.13 877.35 1.74 3.54 1.50 -3.22 4.54 27.80 0.01 0.8698
Car 0 0 -10 734.26 782.94 899.43 857.32 1.78 3.81 1.53 -3.40 5.41 35.73 -0.02 0.6190
Car 0 0 -10 441.15 766.30 860.37 942.48 1.80 3.90 1.50 -3.02 3.02 15.17 -0.02 0.4344
Car 0 0 -10 757.20 807.62 900.33 867.67 1.85 4.27 1.56 -4.02 7.29 45.89 -0.03 0.3468
