Pedestrian 0 0 -10 997.60 799.98 1017.32 853.01 0.65 0.65 1.69 1.54 7.59 50.09 -3.13 0.4275
Pedestrian 0 0 -10 1179.25 762.85 1259.63 940.91 0.67 0.67 1.70 2.62 3.14 15.20 3.09 0.4118
Pedestrian 0 0 -10 973.77 783.62 1008.60 876.99 0.60 0.68 1.75 0.59 4.92 29.47 0.03 0.3188
Pedestrian 0 0 -10 1014.82 798.76 1038.01 863.39 0.58 0.60 1.70 1.79 6.52 41.17 3.12 0.3135
Pedestrian 0 0 -10 0.00 772.27 368.63 1216.00 0.74 0.99 1.23 -2.18 1.69 4.18 1.45 0.3021
Cyclist 0 0 -10 859.79 771.56 996.63 903.85 0.89 1.93 1.76 -0.49 3.91 21.49 -0.07 0.3759
Car 0 0 -10 593.09 778.36 873.82 907.05 1.75 3.63 1.53 -3.10 3.76 20.86 0.02 0.8568
Car 0 0 -10 675.55 778.83 893.55 874.74 1.78 3.76 1.51 -3.19 4.43 27.47 0.03 0.7430
Car 0 0 -10 732.92 782.18 901.02 855.95 1.77 3.88 1.51 -3.38 5.35 35.58 -0.03 0.6797
Car 0 0 -10 776.93 806.61 912.37 867.32 1.80 3.96 1.54 -3.46 7.10 44.76 -0.04 0.3323
Car 0 0 -10 792.14 797.11 920.59 850.84 1.88 4.31 1.57 -3.56 7.58 51.21 -0.04 0.3196
