Pedestrian 0 0 -10 1031.18 787.43 1058.12 854.05 0.65 0.66 1.71 2.25 6.15 40.48 3.09 0.4781
Pedestrian 0 0 -10 1186.06 759.30 1271.83 939.53 0.66 0.68 1.70 2.68 3.08 15.00 3.01 0.3438
Cyclist 0 0 -10 863.72 770.28 1000.47 902.31 0.88 1.92 1.75 -0.43 3.88 21.40 -0.05 0.3394
Cyclist 0 0 -10 1111.04 724.55 1324.21 909.30 0.82 1.95 1.70 2.48 2.71 14.66 -3.13 0.3149
Car 0 0 -10 576.47 773.30 878.60 911.46 1.79 3.74 1.58 -3.05 3.66 20.05 0.03 0.8484
Car 0 0 -10 733.14 786.77 889.29 861.94 1.70 3.49 1.49 -3.42 5.34 34.58 -0.04 0.7639
Car 0 0 -10 674.58 781.89 885.26 880.42 1.74 3.52 1.51 -3.18 4.40 26.68 0.02 0.7382
Car 0 0 -10 792.77 792.49 924.23 847.80 1.96 4.34 1.59 -3.42 7.36 50.42 -0.03 0.5051
Car 0 0 -10 0.00 534.15 538.51 1216.00 1.85 4.08 1.63 -2.90 1.56 2.12 0.01 0.3858
Car 0 0 -10 775.70 798.75 907.95 859.21 1.75 3.70 1.49 -3.40 6.61 43.10 -0.02 0.3538
Car 0 0 -10 327.88 755.03 844.96 975.08 1.79 3.92 1.54 -2.98 2.72 12.55 -0.03 0.3061
Car 0 0 -10 1362.05 726.23 1936.00 1216.00 1.88 4.41 1.64 4.08 2.12 5.97 -0.08 0.3034
