Pedestrian 0 0 -10 1037.72 791.12 1064.26 859.76 0.63 0.67 1.72 2.35 6.12 39.29 -3.13 0.5399
Pedestrian 0 0 -10 1018.78 796.22 1038.43 848.06 0.59 0.59 1.59 2.16 7.12 48.02 3.12 0.3607
Pedestrian 0 0 -10 1688.99 737.08 1936.00 1161.21 0.74 0.66 1.57 3.47 2.05 6.05 -1.55 0.3607
Pedestrian 0 0 -10 1374.93 770.83 1666.32 1147.06 0.74 0.92 1.28 2.21 1.92 6.00 1.42 0.3318
Pedestrian 0 0 -10 1209.41 749.48 1298.58 943.39 0.65 0.67 1.70 2.71 2.89 13.91 3.08 0.3072
Cyclist 0 0 -10 860.45 770.81 998.02 903.18 0.86 1.89 1.73 -0.47 3.86 21.25 -0.10 0.3370
Car 0 0 -10 559.86 775.28 884.34 915.23 1.77 3.87 1.53 -3.00 3.57 19.31 0.03 0.8526
Car 0 0 -10 662.39 784.14 885.35 887.78 1.73 3.54 1.50 -3.15 4.33 25.57 0.05 0.7830
Car 0 0 -10 725.43 783.16 905.08 859.04 1.78 3.87 1.48 -3.24 5.14 33.74 0.01 0.6797
Car 0 0 -10 773.46 796.71 908.39 858.48 1.76 3.71 1.49 -3.36 6.45 42.24 -0.03 0.5379
Car 0 0 -10 807.65 788.02 935.65 841.04 1.81 4.14 1.53 -2.95 7.06 49.79 0.01 0.5343
Car 0 0 -10 304.00 752.41 836.32 977.59 1.76 3.75 1.49 -2.95 2.58 11.85 0.01 0.4970
Car 0 0 -10 319.97 780.59 493.28 843.84 1.80 4.19 1.54 -15.51 6.01 41.95 -3.13 0.3125
