Pedestrian 0 0 -10 1214.51 739.65 1321.43 958.30 0.68 0.71 1.73 2.57 2.73 12.60 3.04 0.4414
Pedestrian 0 0 -10 1041.24 793.32 1065.99 859.82 0.60 0.60 1.64 2.39 6.03 38.71 3.14 0.4273
Pedestrian 0 0 -10 982.58 776.60 1019.57 872.93 0.63 0.67 1.71 0.74 4.56 27.80 -0.01 0.4136
Pedestrian 0 0 -10 1018.46 792.77 1038.13 847.83 0.61 0.59 1.67 2.13 7.03 47.48 3.13 0.3554
Cyclist 0 0 -10 852.79 773.59 997.27 908.48 0.90 1.96 1.75 -0.53 3.93 21.33 -0.16 0.3122
Car 0 0 -10 556.80 773.51 888.75 918.91 1.80 3.84 1.54 -2.91 3.50 18.81 0.04 0.8789
Car 0 0 -10 720.85 779.65 903.82 859.15 1.78 3.91 1.54 -3.27 5.09 33.39 -0.00 0.7402
Car 0 0 -10 654.61 775.56 900.98 881.26 1.79 3.97 1.55 -3.09 4.25 25.74 0.04 0.6744
Car 0 0 -10 794.93 787.37 924.89 840.95 1.88 4.21 1.52 -3.31 7.01 49.49 -0.02 0.4964
Car 0 0 -10 274.96 752.52 830.11 986.59 1.77 3.80 1.48 -2.95 2.54 11.45 -0.04 0.4560
Car 0 0 -10 763.33 792.77 913.08 858.48 1.77 3.83 1.50 -3.21 6.04 39.54 -0.01 0.4174
Car 0 0 -10 246.08 758.77 456.35 832.31 1.82 4.39 1.57 -14.81 4.92 36.45 -3.10 0.3992
