Pedestrian 0 0 -10 1036.28 787.81 1061.24 855.42 0.61 0.63 1.72 2.33 6.09 39.84 3.14 0.4218
Pedestrian 0 0 -10 1188.22 742.48 1283.31 937.21 0.67 0.72 1.70 2.53 2.82 13.86 3.06 0.3846
Pedestrian 0 0 -10 1671.17 751.38 1936.00 1151.63 0.76 0.67 1.51 3.49 2.07 6.25 1.64 0.3647
Cyclist 0 0 -10 857.83 768.11 996.79 901.42 0.91 1.92 1.75 -0.50 3.84 21.33 -0.09 0.3058
Car 0 0 -10 665.12 785.26 886.78 885.94 1.73 3.59 1.49 -3.15 4.37 25.94 0.03 0.9223
Car 0 0 -10 565.45 774.04 883.94 918.97 1.82 3.84 1.61 -3.00 3.65 19.53 0.03 0.8952
Car 0 0 -10 725.06 781.27 905.92 857.77 1.78 3.99 1.51 -3.29 5.19 34.27 -0.02 0.7354
Car 0 0 -10 322.00 749.46 848.60 972.60 1.77 3.80 1.52 -2.88 2.60 12.06 0.00 0.4502
Car 0 0 -10 807.12 795.14 937.57 849.83 1.89 4.24 1.58 -2.94 7.40 50.19 0.02 0.4346
Car 0 0 -10 777.47 798.21 908.42 859.61 1.75 3.63 1.49 -3.32 6.51 42.44 -0.04 0.4135
