Pedestrian 0 0 -10 1022.57 792.70 1047.23 851.71 0.67 0.65 1.71 2.25 6.89 45.81 3.02 0.3511
Pedestrian 0 0 -10 1253.42 746.04 1359.21 977.03 0.64 0.66 1.71 2.71 2.69 11.78 3.08 0.3402
Cyclist 0 0 -10 890.37 770.44 1027.56 900.56 0.89 1.91 1.75 -0.02 3.94 21.95 0.14 0.4153
Car 0 0 -10 541.98 778.38 878.33 930.51 1.75 3.62 1.50 -2.86 3.40 17.58 0.03 0.8377
Car 0 0 -10 713.72 781.07 909.37 865.21 1.83 4.07 1.57 -3.18 5.05 32.36 -0.01 0.5784
Car 0 0 -10 643.02 776.03 901.05 888.15 1.79 3.92 1.55 -3.01 4.11 24.32 0.04 0.4597
Car 0 0 -10 787.08 800.99 930.80 866.06 1.76 3.72 1.50 -2.78 6.47 41.16 0.09 0.4299
Car 0 0 -10 806.97 786.85 943.20 843.09 1.81 4.25 1.57 -2.74 6.91 48.29 0.03 0.4275
Car 0 0 -10 0.00 662.02 628.95 1216.00 1.83 4.08 1.54 -2.88 1.64 2.93 -0.03 0.3884
Car 0 0 -10 179.01 753.32 799.96 1017.84 1.74 3.61 1.45 -2.96 2.39 9.99 -0.02 0.3309
Car 0 0 -10 24.21 744.65 307.28 845.21 1.81 4.33 1.64 -14.70 3.94 27.78 -3.09 0.3273
