Pedestrian 0 0 -10 1725.23 772.55 1936.00 1209.32 0.82 0.73 1.42 3.40 2.00 5.51 -1.50 0.3980
Pedestrian 0 0 -10 1052.32 804.38 1079.83 878.34 0.60 0.60 1.66 2.48 5.95 35.40 3.13 0.3894
Pedestrian 0 0 -10 1282.70 727.25 1424.71 1010.01 0.69 0.75 1.76 2.60 2.47 9.95 3.10 0.3541
Pedestrian 0 0 -10 1025.06 791.45 1051.10 855.78 0.64 0.67 1.81 2.27 6.77 44.23 3.02 0.3355
Cyclist 0 0 -10 882.52 767.09 1016.31 895.54 0.84 1.87 1.72 -0.15 3.81 21.54 0.07 0.3044
Car 0 0 -10 492.40 770.47 886.86 934.69 1.81 3.95 1.50 -2.84 3.17 16.25 0.01 0.9091
Car 0 0 -10 633.52 782.61 882.88 898.20 1.73 3.58 1.52 -3.06 4.04 23.03 0.02 0.8430
Car 0 0 -10 702.34 788.12 910.32 874.39 1.81 4.10 1.53 -3.14 5.01 30.95 0.01 0.7188
Car 0 0 -10 750.60 791.83 915.77 862.59 1.80 3.96 1.52 -3.17 5.81 37.52 0.02 0.5883
Car 0 0 -10 247.51 756.67 849.70 997.08 1.81 4.03 1.50 -2.93 2.57 11.26 0.01 0.4836
Car 0 0 -10 802.23 776.01 940.94 834.95 1.84 4.22 1.62 -2.78 6.48 47.09 0.03 0.4452
