Pedestrian 0 0 -10 1021.71 793.71 1044.56 852.20 0.64 0.66 1.72 2.22 6.98 46.28 3.11 0.5688
Pedestrian 0 0 -10 1236.95 739.84 1351.19 969.20 0.66 0.73 1.72 2.63 2.66 11.89 3.08 0.5096
Pedestrian 0 0 -10 1002.20 782.36 1040.39 878.25 0.60 0.67 1.66 1.09 4.55 27.18 0.00 0.3885
Pedestrian 0 0 -10 0.00 751.83 319.38 1166.02 0.83 0.93 1.26 -2.86 1.77 5.43 1.33 0.3689
Pedestrian 0 0 -10 1519.58 758.69 1871.55 1216.00 0.82 0.83 1.33 2.27 1.80 4.74 1.77 0.3428
Cyclist 0 0 -10 882.76 767.57 1021.25 897.98 0.96 1.94 1.76 -0.12 3.92 22.04 0.12 0.3959
Car 0 0 -10 540.84 775.29 885.34 926.84 1.79 3.83 1.54 -2.90 3.45 18.04 0.03 0.8336
Car 0 0 -10 806.49 788.98 941.07 845.45 1.87 4.22 1.58 -2.80 7.01 48.52 0.03 0.6308
Car 0 0 -10 653.37 782.08 897.01 890.56 1.78 3.73 1.51 -3.00 4.20 24.63 0.05 0.6106
Car 0 0 -10 716.99 782.95 914.63 865.07 1.83 4.15 1.55 -3.12 5.10 32.70 -0.01 0.5650
Car 0 0 -10 787.84 798.42 933.17 863.05 1.79 3.86 1.53 -2.77 6.48 41.68 0.05 0.4829
Car 0 0 -10 47.16 747.73 308.21 844.56 1.76 4.02 1.61 -14.72 4.01 28.23 -3.11 0.4326
Car 0 0 -10 0.00 372.26 525.23 1216.00 1.86 4.13 1.63 -2.87 1.48 1.82 -0.00 0.3347
