Pedestrian 0 0 -10 1026.12 792.67 1051.89 854.19 0.66 0.67 1.75 2.34 6.84 45.00 3.02 0.4439
Pedestrian 0 0 -10 1003.79 782.55 1042.04 881.41 0.59 0.64 1.67 1.09 4.49 26.48 -0.02 0.4145
Pedestrian 0 0 -10 1733.87 774.72 1936.00 1190.47 0.78 0.77 1.38 3.51 1.99 5.71 -1.43 0.3621
Pedestrian 0 0 -10 1275.97 737.08 1398.56 982.39 0.67 0.70 1.71 2.79 2.58 11.14 3.04 0.3604
Pedestrian 0 0 -10 1049.19 794.39 1075.40 869.37 0.61 0.61 1.73 2.45 5.87 36.24 -3.11 0.3202
Cyclist 0 0 -10 885.67 767.38 1021.47 896.51 0.85 1.90 1.72 -0.09 3.81 21.46 0.05 0.3102
Car 0 0 -10 634.53 784.04 891.40 895.76 1.76 3.76 1.48 -3.04 4.08 23.49 0.04 0.8551
Car 0 0 -10 517.54 775.35 883.72 937.88 1.79 3.78 1.54 -2.84 3.33 16.87 0.03 0.8522
Car 0 0 -10 713.89 785.70 915.78 869.76 1.84 4.09 1.53 -3.05 5.05 31.76 0.01 0.5700
Car 0 0 -10 803.10 790.42 940.36 849.37 1.86 4.17 1.60 -2.80 6.96 47.43 0.05 0.4107
Car 0 0 -10 785.57 803.97 931.24 869.38 1.76 3.78 1.51 -2.79 6.55 41.09 0.08 0.3865
