Pedestrian 0 0 -10 1049.18 790.23 1076.87 864.39 0.63 0.62 1.70 2.45 5.73 36.09 3.13 0.4401
Pedestrian 0 0 -10 1721.14 755.20 1936.00 1192.18 0.80 0.73 1.44 3.41 1.97 5.61 -1.43 0.4211
Pedestrian 0 0 -10 1024.32 794.95 1051.33 856.90 0.64 0.70 1.76 2.29 6.90 44.81 3.01 0.3971
Pedestrian 0 0 -10 1276.74 721.63 1415.81 997.95 0.69 0.73 1.75 2.59 2.43 10.11 3.07 0.3336
Cyclist 0 0 -10 887.74 772.07 1019.91 900.04 0.92 1.90 1.74 -0.12 3.94 21.92 -0.03 0.3553
Car 0 0 -10 634.83 782.10 889.42 894.90 1.75 3.71 1.50 -3.03 4.04 23.31 0.02 0.9011
Car 0 0 -10 515.03 773.75 892.80 936.99 1.80 3.90 1.54 -2.78 3.30 16.80 0.03 0.7263
Car 0 0 -10 800.62 781.54 940.62 839.46 1.83 4.31 1.60 -2.82 6.64 47.23 0.00 0.6619
Car 0 0 -10 704.66 785.50 908.46 869.69 1.79 4.07 1.51 -3.19 4.98 31.36 0.01 0.6550
Car 0 0 -10 0.00 657.10 424.94 1216.00 1.79 3.93 1.53 -3.50 1.62 3.40 -0.01 0.3749
Car 0 0 -10 169.01 763.04 388.91 839.98 1.78 4.18 1.51 -15.42 4.74 33.96 3.10 0.3111
Car 0 0 -10 753.62 795.79 913.71 865.96 1.78 3.83 1.50 -3.14 5.88 37.40 0.01 0.3108
