Pedestrian 0 0 -10 1065.66 794.84 1095.01 879.67 0.59 0.61 1.74 2.56 5.43 32.21 -3.09 0.3977
Pedestrian 0 0 -10 1031.56 786.80 1059.51 850.62 0.61 0.61 1.64 2.29 6.09 40.72 2.91 0.3425
Pedestrian 0 0 -10 1449.68 697.53 1655.40 1087.64 0.66 0.67 1.66 2.68 2.01 6.84 3.11 0.3211
Cyclist 0 0 -10 1374.36 592.56 1850.19 1068.82 0.78 1.94 1.75 2.75 1.63 6.29 2.66 0.3456
Car 0 0 -10 591.29 776.23 886.29 908.79 1.76 3.68 1.51 -2.93 3.66 20.21 0.04 0.8770
Car 0 0 -10 7.46 751.00 817.36 1077.21 1.84 4.00 1.50 -2.90 2.31 8.62 -0.03 0.8397
Car 0 0 -10 427.08 761.24 855.18 961.41 1.75 3.52 1.54 -2.83 2.88 13.74 0.04 0.7636
Car 0 0 -10 685.75 780.37 902.27 875.34 1.81 3.89 1.55 -3.10 4.59 28.30 -0.00 0.7356
Car 0 0 -10 786.57 773.12 936.34 832.17 1.80 4.30 1.53 -2.92 6.03 44.41 0.02 0.6204
Car 0 0 -10 752.46 795.52 928.64 872.90 1.79 3.82 1.50 -2.74 5.55 34.52 0.08 0.5227
