Pedestrian 0 0 -10 1068.54 785.86 1102.95 873.53 0.63 0.68 1.73 2.58 5.10 31.02 -3.12 0.5276
Pedestrian 0 0 -10 1034.70 787.80 1064.28 854.25 0.62 0.71 1.68 2.34 6.05 39.76 3.07 0.5113
Cyclist 0 0 -10 857.63 770.38 990.67 900.11 0.91 1.90 1.75 -0.56 3.93 21.88 -0.08 0.3339
Car 0 0 -10 576.12 781.27 886.02 918.07 1.78 3.72 1.50 -2.90 3.62 19.40 0.02 0.7757
Car 0 0 -10 398.81 751.94 859.82 964.51 1.74 3.57 1.55 -2.75 2.72 12.93 0.04 0.7028
Car 0 0 -10 680.68 779.00 907.39 876.98 1.81 4.00 1.57 -3.04 4.53 27.81 0.01 0.5492
Car 0 0 -10 749.07 795.73 923.62 874.98 1.75 3.66 1.49 -2.74 5.41 33.34 0.07 0.4591
Car 0 0 -10 775.41 787.16 918.47 851.17 1.82 4.02 1.62 -3.28 6.44 43.49 0.00 0.4011
Car 0 0 -10 0.00 727.85 782.82 1103.09 1.81 4.03 1.51 -3.00 2.10 7.52 -0.03 0.3910
Car 0 0 -10 0.00 509.86 501.77 1216.00 1.83 4.06 1.56 -2.89 1.49 1.87 0.02 0.3431
