Pedestrian 0 0 -10 1107.22 790.85 1150.40 887.66 0.63 0.70 1.70 3.10 4.80 27.68 3.08 0.4093
Pedestrian 0 0 -10 1050.28 786.09 1078.19 856.57 0.58 0.56 1.62 2.48 5.55 36.12 2.99 0.4013
Pedestrian 0 0 -10 1764.07 700.51 1936.00 1112.67 0.71 0.63 1.73 4.12 2.08 6.70 -1.57 0.3557
Cyclist 0 0 -10 887.33 770.39 1023.46 900.17 0.75 1.85 1.71 -0.07 3.84 21.36 0.14 0.3565
Car 0 0 -10 507.57 777.56 867.42 937.89 1.76 3.70 1.52 -2.96 3.32 16.76 0.01 0.8789
Car 0 0 -10 222.01 744.63 825.51 1009.19 1.74 3.60 1.50 -2.81 2.39 10.20 0.01 0.6749
Car 0 0 -10 675.10 780.10 935.60 889.30 1.83 4.09 1.54 -2.53 4.23 24.96 0.05 0.6581
Car 0 0 -10 771.79 789.24 933.37 854.47 1.80 4.20 1.51 -2.93 6.11 40.83 0.06 0.4433
Car 0 0 -10 747.90 793.42 927.47 871.22 1.75 3.80 1.47 -2.72 5.36 33.51 0.06 0.3990
Car 0 0 -10 0.00 640.69 565.46 1216.00 1.77 3.78 1.50 -2.73 1.53 2.25 0.03 0.3146
