Pedestrian 0 0 -10 1122.95 790.04 1170.58 900.59 0.65 0.67 1.71 3.04 4.47 24.59 3.07 0.3568
Pedestrian 0 0 -10 1058.26 779.90 1092.97 860.88 0.65 0.61 1.71 2.55 5.22 33.45 2.92 0.3029
Cyclist 0 0 -10 857.71 757.94 998.09 891.51 0.83 1.93 1.75 -0.47 3.65 20.94 -0.02 0.3494
Car 0 0 -10 760.93 771.18 943.85 840.98 1.81 4.50 1.55 -2.73 5.38 38.22 0.03 0.8515
Car 0 0 -10 0.00 743.60 789.74 1096.34 1.76 3.68 1.49 -2.83 2.18 7.82 -0.01 0.8402
Car 0 0 -10 438.22 764.55 872.52 952.64 1.77 3.84 1.54 -2.84 2.98 14.51 0.01 0.7708
Car 0 0 -10 601.59 769.78 881.57 889.94 1.79 3.87 1.53 -3.18 3.77 22.20 0.02 0.3984
Car 0 0 -10 818.01 792.62 938.62 845.96 1.79 3.84 1.52 -2.73 7.20 49.71 0.05 0.3804
Car 0 0 -10 0.00 743.56 158.15 852.65 1.75 4.18 1.51 -15.23 3.45 23.58 3.13 0.3749
Car 0 0 -10 737.22 784.23 935.13 870.11 1.78 3.94 1.54 -2.58 5.00 31.50 0.06 0.3586
Car 0 0 -10 804.29 787.19 932.44 845.75 1.75 3.60 1.48 -2.72 6.40 44.28 0.06 0.3577
Car 0 0 -10 0.00 669.18 592.26 1216.00 1.79 3.95 1.48 -2.91 1.60 2.91 -0.01 0.3113
