Pedestrian 0 0 -10 1050.91 787.92 1080.42 861.98 0.61 0.56 1.66 2.47 5.57 35.46 2.95 0.3704
Pedestrian 0 0 -10 1111.74 785.92 1154.12 882.78 0.63 0.70 1.66 3.10 4.61 27.03 -3.12 0.3554
Pedestrian 0 0 -10 1023.78 776.13 1076.22 903.15 0.62 0.69 1.67 1.23 3.80 20.74 -0.01 0.3514
Pedestrian 0 0 -10 1162.17 777.37 1251.45 945.23 0.75 0.60 1.65 2.59 3.30 15.79 -1.83 0.3003
Cyclist 0 0 -10 881.96 765.04 1022.53 897.24 0.84 1.88 1.73 -0.12 3.79 21.38 0.20 0.3380
Car 0 0 -10 511.39 778.66 870.53 939.17 1.73 3.56 1.46 -2.83 3.22 16.22 0.02 0.8613
Car 0 0 -10 158.59 744.47 822.35 1029.72 1.75 3.70 1.50 -2.80 2.34 9.55 -0.02 0.8172
Car 0 0 -10 667.39 776.74 931.07 887.86 1.81 4.01 1.52 -2.55 4.08 24.17 0.04 0.6819
Car 0 0 -10 729.18 790.28 924.60 874.89 1.76 3.81 1.48 -2.72 4.99 30.80 0.04 0.3780
Car 0 0 -10 768.89 770.21 934.91 836.96 1.82 4.28 1.56 -2.90 5.57 40.29 0.04 0.3686
Car 0 0 -10 0.00 645.31 535.12 1216.00 1.76 3.73 1.49 -2.79 1.53 2.33 0.02 0.3668
