Pedestrian 0 0 -10 1062.65 776.52 1095.16 856.94 0.61 0.58 1.68 2.58 5.05 32.89 2.96 0.3876
Pedestrian 0 0 -10 1111.47 778.89 1158.93 890.68 0.62 0.66 1.70 2.79 4.21 24.01 3.08 0.3631
Cyclist 0 0 -10 883.67 762.71 1021.01 893.35 0.88 1.89 1.73 -0.11 3.74 21.37 0.09 0.3760
Car 0 0 -10 760.12 776.36 943.83 846.95 1.84 4.49 1.55 -2.73 5.51 38.11 0.04 0.8723
Car 0 0 -10 0.00 740.99 793.92 1110.10 1.76 3.62 1.49 -2.75 2.14 7.48 0.00 0.8526
Car 0 0 -10 425.15 755.48 866.73 950.89 1.80 3.82 1.58 -2.88 2.91 14.27 0.02 0.7936
Car 0 0 -10 736.51 789.72 931.50 873.38 1.77 3.88 1.49 -2.63 5.07 31.53 0.06 0.4306
Car 0 0 -10 814.26 785.33 935.88 838.78 1.77 3.85 1.52 -2.82 6.95 49.55 0.06 0.4195
Car 0 0 -10 0.00 656.90 439.79 1216.00 1.80 3.84 1.53 -3.39 1.62 3.35 -0.04 0.3883
Car 0 0 -10 676.95 782.29 905.24 879.25 1.80 3.99 1.53 -3.08 4.54 27.66 0.02 0.3826
