Pedestrian 0 0 -10 1087.14 777.46 1120.12 861.27 0.61 0.60 1.65 2.95 4.85 31.02 3.09 0.4692
Pedestrian 0 0 -10 1580.99 788.33 1936.00 1216.00 0.79 1.13 1.24 2.43 1.77 4.34 -1.58 0.4463
Pedestrian 0 0 -10 1125.53 784.16 1174.79 907.17 0.59 0.64 1.73 2.79 4.12 22.14 3.12 0.3744
Pedestrian 0 0 -10 1013.51 767.71 1076.73 915.74 0.64 0.65 1.64 0.98 3.36 17.64 -0.10 0.3681
Car 0 0 -10 0.00 723.93 752.73 1192.81 1.75 3.57 1.49 -2.77 1.95 6.07 0.03 0.8507
Car 0 0 -10 600.49 775.64 880.53 907.65 1.74 3.53 1.53 -2.96 3.70 20.56 0.05 0.7652
Car 0 0 -10 348.81 754.78 838.43 968.02 1.77 3.74 1.54 -3.00 2.73 12.78 0.01 0.7605
Car 0 0 -10 754.02 773.61 936.43 845.88 1.80 4.30 1.54 -2.81 5.29 36.81 0.04 0.6852
Car 0 0 -10 719.50 783.26 934.44 874.00 1.81 4.05 1.53 -2.65 4.83 30.07 0.08 0.4523
Car 0 0 -10 810.14 786.94 935.00 842.06 1.78 3.85 1.53 -2.84 6.88 48.36 0.06 0.3287
