Pedestrian 0 0 -10 1073.40 773.14 1109.14 861.46 0.60 0.59 1.67 2.59 4.66 29.81 3.00 0.3643
Pedestrian 0 0 -10 1039.61 762.01 1099.94 917.07 0.64 0.64 1.67 1.22 3.25 16.97 0.01 0.3633
Pedestrian 0 0 -10 1126.73 780.20 1184.37 912.53 0.63 0.66 1.75 2.72 3.97 20.99 3.00 0.3048
Cyclist 0 0 -10 851.86 772.40 992.83 907.88 0.84 1.93 1.75 -0.56 3.86 20.89 -0.06 0.4258
Car 0 0 -10 303.43 747.70 852.33 983.72 1.78 3.84 1.54 -2.88 2.59 11.79 0.05 0.8858
Car 0 0 -10 0.00 723.15 728.61 1216.00 1.78 3.86 1.47 -2.87 1.86 5.01 0.04 0.7981
Car 0 0 -10 734.34 779.81 920.58 852.74 1.79 4.25 1.50 -3.14 5.29 35.64 0.02 0.6957
Car 0 0 -10 804.98 786.43 934.10 842.41 1.76 3.91 1.52 -2.86 6.73 47.24 0.05 0.6365
Car 0 0 -10 557.82 779.22 899.32 914.32 1.83 4.19 1.49 -3.00 3.65 19.87 0.06 0.6143
Car 0 0 -10 649.47 786.91 903.03 895.04 1.80 4.04 1.55 -3.07 4.41 25.39 0.04 0.5408
Car 0 0 -10 683.79 802.68 903.98 894.59 1.79 4.07 1.51 -3.23 5.12 29.39 0.05 0.4072
Car 0 0 -10 0.00 776.75 285.24 1003.41 1.76 4.25 1.43 -8.04 2.81 12.33 -2.97 0.3926
