Pedestrian 0 0 -10 1162.08 773.11 1237.51 938.67 0.64 0.71 1.75 2.67 3.44 16.77 3.07 0.4058
Pedestrian 0 0 -10 1742.36 756.14 1936.00 1155.09 0.83 0.74 1.50 3.90 2.09 6.29 1.51 0.3886
Pedestrian 0 0 -10 1056.95 757.66 1129.13 942.50 0.65 0.66 1.68 1.26 2.99 14.39 0.04 0.3230
Cyclist 0 0 -10 858.78 764.71 999.23 899.55 0.89 1.92 1.76 -0.44 3.75 20.88 -0.00 0.3344
Car 0 0 -10 9.83 738.52 799.25 1068.87 1.77 3.78 1.53 -2.90 2.24 8.42 -0.00 0.8987
Car 0 0 -10 712.21 780.10 915.45 863.43 1.84 4.13 1.53 -3.09 4.95 31.98 0.03 0.7719
Car 0 0 -10 502.83 782.64 877.82 944.70 1.80 3.74 1.46 -2.85 3.28 16.30 0.02 0.7043
Car 0 0 -10 602.30 781.95 897.13 900.82 1.83 4.15 1.51 -3.10 3.98 22.54 0.03 0.6418
Car 0 0 -10 792.49 773.72 932.60 831.77 1.78 4.02 1.50 -2.88 6.00 44.30 0.01 0.5373
Car 0 0 -10 777.60 780.78 926.82 847.32 1.72 3.59 1.45 -2.73 5.50 37.92 0.05 0.3304
