Pedestrian 0 0 -10 1129.05 774.79 1193.73 909.62 0.66 0.75 1.71 2.69 3.77 20.13 3.09 0.4660
Pedestrian 0 0 -10 349.87 818.41 488.94 1086.28 0.55 0.65 1.29 -2.90 2.38 8.04 -1.65 0.4417
Pedestrian 0 0 -10 1269.03 753.84 1377.21 1002.00 0.77 0.64 1.74 2.74 2.75 11.30 1.84 0.3986
Pedestrian 0 0 -10 1626.83 717.09 1821.98 1053.59 0.73 0.64 1.69 4.06 2.20 8.00 -1.54 0.3431
Pedestrian 0 0 -10 1554.10 745.72 1731.32 1036.29 0.77 0.66 1.60 4.02 2.34 8.86 1.62 0.3223
Pedestrian 0 0 -10 1693.26 769.04 1876.37 1059.59 0.73 0.71 1.52 4.75 2.40 8.66 -1.42 0.3169
Cyclist 0 0 -10 855.96 771.36 997.59 906.36 0.87 1.93 1.76 -0.46 3.86 20.96 0.04 0.3648
Car 0 0 -10 275.85 754.51 833.94 996.23 1.75 3.67 1.50 -2.87 2.54 11.14 0.01 0.8569
Car 0 0 -10 0.00 699.41 693.68 1216.00 1.80 3.92 1.48 -2.84 1.73 3.98 0.01 0.7598
Car 0 0 -10 586.32 779.92 913.04 920.43 1.78 3.81 1.47 -2.59 3.53 18.87 0.06 0.6200
Car 0 0 -10 805.80 790.37 929.37 845.50 1.73 3.74 1.49 -2.88 6.75 46.61 0.00 0.5838
Car 0 0 -10 731.59 780.82 924.47 855.48 1.81 4.30 1.49 -3.05 5.23 34.87 0.02 0.5320
Car 0 0 -10 628.63 774.95 898.90 888.09 1.83 4.13 1.57 -3.15 4.12 24.41 0.04 0.4624
Car 0 0 -10 687.70 792.31 903.54 884.43 1.82 4.01 1.54 -3.24 4.98 29.76 0.07 0.3273
