Pedestrian 0 0 -10 1081.59 789.25 1117.45 880.18 0.58 0.59 1.62 2.59 4.73 28.00 3.09 0.3612
Pedestrian 0 0 -10 1139.74 775.41 1207.39 923.18 0.66 0.71 1.77 2.70 3.73 19.07 3.03 0.3564
Pedestrian 0 0 -10 296.93 805.06 454.93 1101.85 0.58 0.65 1.33 -2.91 2.28 7.49 -1.66 0.3315
Pedestrian 0 0 -10 1747.56 757.73 1936.00 1070.24 0.73 0.71 1.54 4.79 2.29 8.07 -1.51 0.3137
Cyclist 0 0 -10 858.90 775.38 1000.76 911.02 0.88 1.94 1.76 -0.42 3.90 20.84 0.02 0.4067
Car 0 0 -10 249.17 745.06 841.88 1008.32 1.75 3.65 1.53 -2.76 2.45 10.50 0.04 0.8882
Car 0 0 -10 805.61 793.78 930.08 849.58 1.72 3.71 1.48 -2.84 6.77 45.95 0.01 0.8092
Car 0 0 -10 0.00 687.79 657.64 1216.00 1.79 3.91 1.49 -2.85 1.67 3.50 0.01 0.7434
Car 0 0 -10 531.40 777.22 879.18 921.79 1.80 3.92 1.48 -3.05 3.45 18.36 0.04 0.7019
Car 0 0 -10 735.17 770.56 936.86 844.42 1.79 4.47 1.47 -2.81 4.90 34.30 0.00 0.6294
Car 0 0 -10 86.76 755.82 335.24 839.01 1.70 4.09 1.46 -14.85 4.14 29.74 3.14 0.3457
Car 0 0 -10 702.92 783.15 929.71 881.91 1.81 3.92 1.53 -2.64 4.58 27.77 0.10 0.3400
Car 0 0 -10 617.93 780.06 901.71 895.84 1.81 4.15 1.53 -3.06 4.05 23.33 0.03 0.3045
