Pedestrian 0 0 -10 1141.85 775.87 1207.22 919.56 0.66 0.71 1.71 2.68 3.65 18.87 3.11 0.5357
Pedestrian 0 0 -10 1041.52 749.54 1109.96 911.69 0.65 0.65 1.62 1.20 2.96 15.76 -0.03 0.3944
Pedestrian 0 0 -10 1080.33 782.85 1122.57 877.88 0.61 0.67 1.67 2.59 4.62 27.66 3.04 0.3602
Pedestrian 0 0 -10 66.51 748.12 187.44 911.33 0.71 0.73 1.45 -7.98 2.66 14.32 0.15 0.3273
Pedestrian 0 0 -10 236.86 798.22 426.04 1117.25 0.64 0.70 1.32 -2.91 2.17 6.97 -1.67 0.3054
Cyclist 0 0 -10 858.13 771.15 994.57 902.23 0.81 1.90 1.73 -0.51 3.86 21.26 -0.06 0.3668
Car 0 0 -10 0.00 664.35 684.40 1216.00 1.82 4.09 1.52 -2.79 1.62 3.01 0.03 0.8574
Car 0 0 -10 193.47 730.01 850.16 1004.59 1.84 4.04 1.61 -2.88 2.41 10.46 0.02 0.8393
Car 0 0 -10 803.41 796.73 926.26 854.12 1.74 3.66 1.51 -2.91 6.86 45.62 -0.01 0.7855
Car 0 0 -10 718.89 778.96 928.36 858.46 1.86 4.57 1.56 -3.07 5.17 34.04 0.02 0.6044
Car 0 0 -10 582.97 780.64 900.19 923.44 1.73 3.53 1.44 -2.58 3.42 18.10 0.05 0.5906
Car 0 0 -10 671.54 785.21 890.30 883.70 1.73 3.61 1.48 -3.14 4.42 26.49 0.05 0.4899
Car 0 0 -10 72.76 753.39 336.95 840.86 1.78 4.31 1.51 -14.82 4.12 29.45 -3.13 0.3096
