Pedestrian 0 0 -10 1127.23 778.68 1188.56 908.38 0.62 0.71 1.70 2.72 3.87 20.75 3.03 0.4032
Pedestrian 0 0 -10 1074.28 789.62 1110.15 878.98 0.57 0.62 1.66 2.56 4.91 29.22 3.07 0.3345
Car 0 0 -10 292.03 740.78 863.72 979.65 1.79 3.97 1.54 -2.87 2.53 11.72 0.08 0.7849
Car 0 0 -10 0.00 712.00 716.58 1216.00 1.78 3.83 1.49 -2.84 1.81 4.65 0.02 0.7221
Car 0 0 -10 732.38 780.10 926.33 854.95 1.85 4.38 1.51 -3.06 5.28 35.34 0.03 0.6408
Car 0 0 -10 550.55 778.83 895.78 915.69 1.87 4.18 1.49 -3.02 3.61 19.61 0.04 0.5981
Car 0 0 -10 807.98 782.29 928.34 836.50 1.72 3.66 1.49 -2.90 6.53 47.05 0.02 0.5324
Car 0 0 -10 647.02 783.88 895.82 891.86 1.77 3.89 1.53 -3.12 4.30 25.07 0.05 0.4860
Car 0 0 -10 0.00 781.27 260.99 1021.73 1.74 4.36 1.44 -8.07 2.81 11.88 -2.95 0.4704
Car 0 0 -10 684.21 797.27 905.42 889.68 1.82 4.10 1.53 -3.23 5.04 29.51 0.05 0.3419
