Pedestrian 0 0 -10 1160.02 772.45 1235.89 935.79 0.66 0.73 1.76 2.71 3.49 17.15 3.07 0.4711
Pedestrian 0 0 -10 1093.59 781.07 1137.57 883.04 0.60 0.63 1.67 2.67 4.42 25.93 3.00 0.4585
Pedestrian 0 0 -10 1726.13 734.28 1936.00 1104.66 0.74 0.73 1.54 4.03 2.06 6.80 -1.55 0.3923
Pedestrian 0 0 -10 1047.84 759.38 1135.02 932.42 0.68 0.64 1.56 1.25 2.90 14.49 1.36 0.3329
Cyclist 0 0 -10 880.08 753.97 1020.23 885.17 0.96 1.91 1.76 -0.15 3.70 21.91 0.17 0.3060
Car 0 0 -10 72.25 744.32 798.94 1061.61 1.76 3.62 1.52 -2.85 2.29 8.73 -0.00 0.9108
Car 0 0 -10 597.17 781.11 904.36 898.44 1.86 4.43 1.52 -3.14 4.02 22.94 0.02 0.7988
Car 0 0 -10 549.91 779.28 903.29 937.59 1.76 3.66 1.49 -2.54 3.32 16.82 0.03 0.7352
Car 0 0 -10 716.87 783.70 914.40 865.29 1.84 4.10 1.52 -3.09 5.06 32.39 -0.00 0.7322
Car 0 0 -10 791.27 782.07 932.89 840.84 1.79 4.09 1.53 -2.92 6.32 44.72 0.01 0.4795
Car 0 0 -10 741.80 777.44 884.97 841.67 1.74 3.62 1.49 -3.88 5.63 39.70 0.01 0.3276
