Pedestrian 0 0 -10 1144.77 777.00 1211.48 924.10 0.63 0.68 1.70 2.65 3.59 18.32 3.04 0.5370
Pedestrian 0 0 -10 1082.28 783.54 1124.21 881.62 0.63 0.67 1.69 2.57 4.60 27.13 3.08 0.4504
Cyclist 0 0 -10 855.16 767.34 991.70 898.71 0.83 1.91 1.74 -0.54 3.81 21.28 -0.04 0.3989
Car 0 0 -10 172.09 742.16 833.56 1020.85 1.78 3.80 1.52 -2.80 2.36 9.81 -0.01 0.8116
Car 0 0 -10 715.65 781.36 919.95 860.23 1.83 4.37 1.52 -3.16 5.12 33.53 0.02 0.8027
Car 0 0 -10 801.10 795.20 924.76 853.74 1.75 3.66 1.52 -2.93 6.77 45.18 -0.02 0.7744
Car 0 0 -10 0.00 657.81 581.60 1216.00 1.81 4.08 1.49 -2.90 1.57 2.46 0.02 0.6738
Car 0 0 -10 529.47 775.55 879.19 928.56 1.79 3.74 1.49 -2.90 3.35 17.44 0.03 0.6271
Car 0 0 -10 30.23 753.26 299.89 842.23 1.81 4.27 1.50 -15.40 4.08 29.09 3.10 0.4485
Car 0 0 -10 606.46 780.06 889.43 896.28 1.83 4.13 1.54 -3.23 4.05 23.25 0.01 0.3370
