Pedestrian 0 0 -10 1104.63 744.36 1204.10 970.83 0.65 0.68 1.62 1.46 2.56 11.40 0.01 0.4630
Pedestrian 0 0 -10 1129.31 786.10 1184.95 914.73 0.62 0.64 1.68 2.72 3.96 20.78 3.04 0.4547
Pedestrian 0 0 -10 1529.44 729.94 1686.10 1015.93 0.71 0.60 1.68 4.02 2.36 9.33 1.55 0.3485
Pedestrian 0 0 -10 1256.45 750.25 1369.42 972.48 0.66 0.72 1.68 2.83 2.72 12.07 3.06 0.3048
Cyclist 0 0 -10 887.99 759.29 1029.98 893.34 0.82 1.89 1.72 -0.05 3.62 20.67 -0.10 0.3427
Car 0 0 -10 706.48 767.48 947.05 864.82 1.82 4.37 1.60 -2.53 4.45 28.78 0.08 0.8565
Car 0 0 -10 428.67 778.91 888.18 988.85 1.77 3.52 1.46 -2.43 2.86 12.67 0.01 0.7997
Car 0 0 -10 559.88 774.84 884.54 917.28 1.78 3.76 1.51 -2.95 3.51 18.95 0.06 0.6323
Car 0 0 -10 0.00 708.84 746.85 1216.00 1.82 4.10 1.52 -2.89 1.84 4.86 0.02 0.5868
Car 0 0 -10 830.25 795.28 961.55 849.38 1.89 4.29 1.56 -2.17 7.43 50.50 0.04 0.5386
Car 0 0 -10 787.96 794.09 941.13 860.39 1.79 3.98 1.53 -2.59 6.25 40.70 0.05 0.4726
