Pedestrian 0 0 -10 1130.67 781.96 1183.65 910.87 0.63 0.63 1.66 2.66 3.82 20.32 3.13 0.4399
Pedestrian 0 0 -10 1586.92 714.46 1756.77 1037.21 0.69 0.61 1.76 4.10 2.30 8.65 1.54 0.4370
Pedestrian 0 0 -10 1116.27 742.57 1224.06 981.74 0.68 0.71 1.68 1.55 2.58 11.16 0.00 0.3555
Cyclist 0 0 -10 881.20 757.60 1025.89 894.21 0.92 1.95 1.77 -0.13 3.68 20.97 -0.10 0.4581
Car 0 0 -10 702.97 766.57 948.09 865.26 1.85 4.40 1.60 -2.51 4.38 28.32 0.06 0.8393
Car 0 0 -10 405.88 773.12 893.77 991.64 1.79 3.62 1.47 -2.44 2.79 12.34 0.04 0.7537
Car 0 0 -10 534.21 772.01 899.67 918.70 1.83 4.19 1.52 -2.94 3.45 18.58 0.05 0.7325
Car 0 0 -10 831.14 791.59 962.19 845.52 1.87 4.24 1.54 -2.12 7.22 49.94 0.03 0.5669
Car 0 0 -10 805.31 796.14 954.23 862.37 1.77 3.83 1.51 -2.16 6.24 40.29 0.06 0.5299
Car 0 0 -10 732.67 784.52 907.98 857.79 1.77 3.91 1.47 -3.30 5.38 35.53 0.07 0.3305
Car 0 0 -10 0.00 649.43 522.12 1216.00 1.78 3.86 1.49 -2.83 1.54 2.18 -0.01 0.3208
