Pedestrian 0 0 -10 1097.62 750.24 1194.80 974.80 0.63 0.68 1.66 1.44 2.68 11.76 -0.02 0.4242
Pedestrian 0 0 -10 1253.01 751.45 1356.64 963.04 0.65 0.69 1.66 2.86 2.75 12.51 3.08 0.3670
Pedestrian 0 0 -10 1664.05 749.87 1936.00 1154.27 0.80 0.71 1.49 3.43 2.03 6.11 1.61 0.3518
Pedestrian 0 0 -10 1518.89 735.62 1663.67 1011.34 0.68 0.59 1.66 4.01 2.39 9.56 -1.55 0.3141
Cyclist 0 0 -10 890.76 751.85 1032.21 888.03 0.84 1.89 1.75 0.01 3.52 20.43 0.01 0.3363
Car 0 0 -10 712.40 774.04 946.68 867.58 1.84 4.29 1.54 -2.49 4.53 28.95 0.06 0.7995
Car 0 0 -10 0.00 718.40 781.56 1216.00 1.81 4.13 1.48 -2.79 1.86 5.06 0.02 0.7422
Car 0 0 -10 443.20 777.33 891.79 982.36 1.76 3.51 1.46 -2.41 2.87 12.93 0.02 0.7168
Car 0 0 -10 546.71 771.67 893.03 915.78 1.85 4.10 1.56 -3.01 3.54 19.23 0.05 0.6950
Car 0 0 -10 794.03 790.86 939.84 857.61 1.77 3.78 1.55 -2.53 6.19 40.76 0.06 0.5866
Car 0 0 -10 831.17 794.80 958.04 849.01 1.88 4.15 1.57 -2.22 7.44 50.65 0.04 0.5494
