Pedestrian 0 0 -10 1081.52 750.03 1177.83 955.43 0.65 0.72 1.63 1.41 2.72 12.62 -0.04 0.4089
Pedestrian 0 0 -10 1136.60 782.59 1190.70 902.34 0.64 0.71 1.72 3.07 4.15 22.70 3.09 0.3742
Pedestrian 0 0 -10 1231.35 754.32 1319.74 949.66 0.64 0.70 1.70 2.88 2.92 13.77 -3.10 0.3274
Cyclist 0 0 -10 886.23 760.05 1024.85 892.11 0.84 1.89 1.72 -0.07 3.64 20.82 0.02 0.3521
Car 0 0 -10 716.63 780.16 932.97 868.58 1.80 4.09 1.50 -2.67 4.70 29.86 0.05 0.9089
Car 0 0 -10 561.22 774.25 889.78 905.32 1.80 4.14 1.50 -3.11 3.63 20.32 0.04 0.8434
Car 0 0 -10 472.24 775.24 888.38 969.29 1.77 3.49 1.48 -2.51 2.99 13.96 0.06 0.8133
Car 0 0 -10 0.00 729.97 774.14 1181.20 1.79 3.94 1.50 -2.86 2.02 6.41 -0.04 0.8110
Car 0 0 -10 791.95 794.98 932.61 858.24 1.76 3.74 1.50 -2.73 6.37 41.83 0.06 0.7306
Car 0 0 -10 817.66 789.78 937.26 842.03 1.83 3.96 1.55 -2.85 7.33 51.44 0.03 0.3831
Car 0 0 -10 1362.09 726.31 1936.00 1216.00 1.87 4.17 1.70 4.09 2.22 6.45 -0.15 0.3131
