Pedestrian 0 0 -10 1139.57 778.22 1196.96 917.66 0.64 0.67 1.73 2.70 3.77 19.57 -3.13 0.5059
Pedestrian 0 0 -10 1134.41 739.25 1243.01 986.51 0.66 0.69 1.66 1.61 2.50 10.67 0.02 0.4537
Pedestrian 0 0 -10 1684.12 758.42 1936.00 1154.91 0.79 0.69 1.44 3.48 2.02 6.06 1.63 0.4440
Pedestrian 0 0 -10 1630.78 700.12 1818.66 1049.79 0.70 0.60 1.78 4.11 2.21 8.09 1.51 0.3943
Pedestrian 0 0 -10 1291.14 743.76 1422.09 998.01 0.69 0.75 1.72 2.84 2.61 10.81 3.10 0.3141
Cyclist 0 0 -10 883.80 759.04 1027.45 894.86 0.89 1.92 1.74 -0.09 3.65 20.77 -0.10 0.3920
Car 0 0 -10 519.45 771.19 910.86 922.60 1.85 4.42 1.54 -2.90 3.43 18.25 0.05 0.8199
Car 0 0 -10 374.27 770.45 881.91 1000.28 1.76 3.56 1.47 -2.49 2.71 11.78 0.06 0.7664
Car 0 0 -10 700.69 767.38 949.70 868.47 1.86 4.40 1.62 -2.47 4.37 27.88 0.05 0.6930
Car 0 0 -10 792.72 784.75 958.99 853.15 1.81 4.22 1.55 -2.22 5.89 39.59 0.06 0.6904
Car 0 0 -10 832.20 786.24 961.05 840.41 1.83 4.15 1.55 -2.10 6.99 49.45 0.02 0.4978
Car 0 0 -10 0.00 678.71 686.65 1216.00 1.86 4.21 1.53 -2.96 1.71 3.80 -0.02 0.4825
Car 0 0 -10 301.26 758.64 493.15 828.77 1.78 4.19 1.55 -14.24 5.03 37.90 -3.09 0.3748
