Pedestrian 0 0 -10 1234.94 749.91 1334.09 954.05 0.66 0.73 1.69 2.83 2.82 13.15 -3.13 0.4089
Pedestrian 0 0 -10 1087.83 752.61 1184.03 965.40 0.65 0.69 1.61 1.40 2.67 12.05 -0.02 0.3644
Pedestrian 0 0 -10 1598.27 762.83 1839.97 1115.84 0.79 0.71 1.43 3.40 2.09 6.77 -1.43 0.3220
Pedestrian 0 0 -10 449.94 739.50 534.92 932.16 0.62 0.62 1.69 -4.33 2.78 13.85 3.07 0.3138
Cyclist 0 0 -10 887.25 756.36 1027.60 888.73 0.83 1.90 1.72 -0.04 3.59 20.86 0.08 0.3840
Car 0 0 -10 713.45 778.00 940.02 866.88 1.80 4.24 1.49 -2.58 4.60 29.38 0.03 0.8420
Car 0 0 -10 0.00 718.71 795.61 1216.00 1.81 4.19 1.52 -2.81 1.93 5.67 -0.01 0.8032
Car 0 0 -10 559.78 772.83 889.02 909.54 1.81 4.00 1.52 -3.03 3.56 19.70 0.04 0.7699
Car 0 0 -10 446.01 773.04 895.21 969.28 1.78 3.72 1.48 -2.50 2.92 13.55 0.00 0.6950
Car 0 0 -10 791.77 783.33 935.70 847.84 1.75 3.80 1.54 -2.66 6.02 41.39 0.05 0.5864
Car 0 0 -10 815.93 788.30 939.14 840.48 1.85 4.09 1.54 -2.82 7.22 51.05 0.01 0.5285
Car 0 0 -10 765.49 791.97 923.11 863.43 1.72 3.53 1.44 -2.74 5.51 35.50 0.05 0.3226
