Pedestrian 0 0 -10 1129.29 736.89 1245.81 990.92 0.67 0.73 1.69 1.59 2.51 10.57 0.01 0.3984
Pedestrian 0 0 -10 1729.02 760.40 1936.00 1172.06 0.81 0.75 1.39 3.53 1.95 5.76 1.67 0.3587
Pedestrian 0 0 -10 1182.19 779.52 1273.68 954.11 0.70 0.66 1.50 2.46 2.97 13.85 1.52 0.3293
Cyclist 0 0 -10 887.32 763.86 1030.53 899.42 0.89 1.93 1.74 -0.05 3.72 20.77 -0.07 0.4891
Car 0 0 -10 374.34 766.61 876.50 1004.37 1.72 3.39 1.48 -2.41 2.64 11.33 0.03 0.7860
Car 0 0 -10 711.26 771.24 945.99 869.47 1.85 4.03 1.52 -2.36 4.29 27.27 0.06 0.6952
Car 0 0 -10 511.32 773.13 899.63 927.52 1.85 4.29 1.54 -2.95 3.41 17.87 0.03 0.6302
Car 0 0 -10 801.51 789.82 953.39 856.93 1.75 3.80 1.50 -2.18 5.97 39.48 0.08 0.6119
Car 0 0 -10 267.39 755.99 464.30 828.78 1.78 4.22 1.58 -14.83 4.95 37.37 -3.06 0.4107
Car 0 0 -10 830.29 785.40 962.01 840.55 1.84 4.20 1.56 -2.10 6.95 49.18 0.04 0.4097
Car 0 0 -10 0.00 597.45 746.83 1216.00 1.77 3.80 1.50 -2.35 1.48 2.15 0.02 0.3329
Car 0 0 -10 0.00 711.41 768.92 1172.69 1.80 4.10 1.52 -2.97 1.93 6.19 0.01 0.3043
