Pedestrian 0 0 -10 1164.84 733.06 1286.59 1008.98 0.64 0.67 1.64 1.66 2.34 9.44 0.02 0.3891
Pedestrian 0 0 -10 1498.35 737.13 1640.99 1009.73 0.69 0.63 1.72 4.06 2.49 10.01 -1.58 0.3434
Pedestrian 0 0 -10 1350.73 729.44 1523.33 1025.42 0.69 0.76 1.68 2.96 2.36 9.32 2.62 0.3079
Cyclist 0 0 -10 900.09 757.81 1041.91 893.05 0.88 1.93 1.75 0.12 3.64 20.78 -0.03 0.4306
Car 0 0 -10 324.63 768.18 894.37 1030.33 1.76 3.56 1.49 -2.33 2.60 10.54 0.05 0.8284
Car 0 0 -10 718.00 777.21 962.83 878.58 1.82 4.08 1.50 -2.08 4.32 26.52 0.09 0.7065
Car 0 0 -10 802.40 790.95 958.89 860.20 1.74 3.78 1.49 -2.02 5.84 38.17 0.09 0.6655
Car 0 0 -10 0.00 653.97 648.84 1216.00 1.81 4.10 1.50 -2.79 1.57 2.57 0.03 0.6248
Car 0 0 -10 536.82 769.48 921.47 936.88 1.82 3.94 1.55 -2.50 3.27 16.73 0.08 0.6056
Car 0 0 -10 831.46 785.76 958.30 839.95 1.78 3.99 1.52 -2.10 6.80 48.17 0.01 0.5549
Car 0 0 -10 254.47 754.63 454.59 827.09 1.82 4.17 1.55 -14.83 4.82 36.68 -3.08 0.4898
Car 0 0 -10 812.45 793.78 979.50 869.43 1.72 3.65 1.45 -1.43 5.36 33.70 0.03 0.4323
Car 0 0 -10 72.07 752.77 326.32 841.62 1.70 4.32 1.56 -15.33 4.23 30.19 -3.06 0.3682
