Pedestrian 0 0 -10 1247.02 719.02 1406.31 1049.52 0.67 0.72 1.68 1.97 2.21 8.13 0.03 0.5583
Pedestrian 0 0 -10 1248.48 768.57 1331.16 946.98 0.67 0.69 1.69 3.30 3.18 15.08 -3.13 0.5015
Pedestrian 0 0 -10 1511.94 701.05 1738.56 1137.03 0.63 0.67 1.73 2.81 2.07 6.38 3.06 0.4309
Cyclist 0 0 -10 935.15 754.70 1081.52 893.24 0.86 1.94 1.75 0.66 3.56 20.36 0.10 0.3311
Car 0 0 -10 699.53 776.11 977.87 886.22 1.85 4.29 1.50 -1.94 4.09 24.53 0.09 0.8978
Car 0 0 -10 150.58 756.47 879.50 1077.52 1.74 3.61 1.47 -2.31 2.29 8.45 -0.01 0.8263
Car 0 0 -10 810.42 793.89 977.23 866.98 1.76 3.88 1.50 -1.60 5.72 36.36 0.07 0.7776
Car 0 0 -10 482.11 744.79 946.35 942.80 1.88 4.27 1.67 -2.35 2.95 14.96 0.06 0.5988
Car 0 0 -10 0.00 658.15 549.85 1216.00 1.82 4.14 1.53 -3.27 1.63 3.48 -0.02 0.5846
Car 0 0 -10 61.58 753.79 330.55 839.72 1.69 4.36 1.46 -14.76 4.04 28.99 -3.13 0.3850
Car 0 0 -10 843.26 796.36 979.09 854.22 1.82 4.09 1.53 -1.51 6.92 46.11 0.02 0.3473
Car 0 0 -10 765.31 793.32 958.39 876.96 1.74 3.76 1.44 -2.00 5.01 30.75 0.07 0.3144
