Pedestrian 0 0 -10 1230.79 772.65 1315.81 943.26 0.67 0.73 1.67 3.25 3.25 15.63 3.10 0.4555
Pedestrian 0 0 -10 1479.34 708.46 1702.92 1098.21 0.67 0.76 1.69 2.92 2.10 6.98 3.13 0.4422
Cyclist 0 0 -10 932.39 764.48 1075.54 898.82 0.88 1.93 1.73 0.58 3.69 20.59 0.01 0.3793
Car 0 0 -10 711.07 779.58 982.18 888.88 1.87 4.25 1.50 -1.85 4.20 24.96 0.10 0.9173
Car 0 0 -10 196.65 755.97 889.89 1064.86 1.73 3.60 1.47 -2.24 2.31 8.77 -0.02 0.8172
Car 0 0 -10 841.48 794.07 973.57 851.03 1.78 4.00 1.52 -1.63 6.88 46.43 0.02 0.6774
Car 0 0 -10 801.45 787.11 972.30 861.64 1.80 3.99 1.55 -1.79 5.66 36.80 0.08 0.6638
Car 0 0 -10 0.00 675.73 521.53 1216.00 1.82 4.01 1.52 -3.44 1.68 3.99 0.00 0.5023
Car 0 0 -10 67.58 757.78 329.75 845.20 1.67 4.30 1.46 -14.74 4.13 29.02 -3.06 0.4567
Car 0 0 -10 574.49 772.98 926.00 931.67 1.73 3.66 1.49 -2.30 3.26 16.89 0.07 0.4007
Car 0 0 -10 769.99 791.56 959.00 874.79 1.75 3.77 1.47 -1.99 5.09 31.47 0.07 0.3598
Car 0 0 -10 0.00 744.01 163.70 849.52 1.67 4.31 1.45 -15.29 3.43 23.86 -3.06 0.3323
