Pedestrian 0 0 -10 1146.72 729.35 1265.94 991.97 0.64 0.70 1.67 1.64 2.40 10.08 0.01 0.3889
Pedestrian 0 0 -10 1689.70 666.13 1936.00 1216.00 0.69 0.78 1.53 2.36 1.64 3.66 -0.12 0.3763
Pedestrian 0 0 -10 1780.25 662.28 1936.00 1176.98 0.69 0.61 1.79 3.57 1.94 5.57 1.55 0.3636
Pedestrian 0 0 -10 1331.56 747.13 1473.91 1011.28 0.67 0.73 1.64 2.92 2.48 9.94 3.09 0.3560
Pedestrian 0 0 -10 1461.05 737.41 1593.76 994.44 0.68 0.64 1.72 4.02 2.55 10.66 -1.63 0.3201
Pedestrian 0 0 -10 1147.75 770.30 1211.55 919.68 0.66 0.65 1.74 2.69 3.57 18.47 3.07 0.3118
Cyclist 0 0 -10 892.98 760.56 1034.25 895.52 0.90 1.94 1.76 0.01 3.71 20.99 -0.05 0.4173
Car 0 0 -10 702.16 776.67 948.78 873.37 1.83 4.23 1.47 -2.40 4.33 27.10 0.06 0.7725
Car 0 0 -10 347.46 772.64 898.24 1015.99 1.79 3.71 1.50 -2.37 2.69 11.21 0.01 0.7571
Car 0 0 -10 800.07 796.58 949.25 864.74 1.73 3.66 1.49 -2.21 6.06 38.79 0.08 0.7325
Car 0 0 -10 0.00 654.12 674.63 1216.00 1.80 3.99 1.52 -2.72 1.59 2.78 0.04 0.6217
Car 0 0 -10 834.03 788.46 958.55 843.43 1.78 3.92 1.55 -2.08 6.98 48.73 0.04 0.4970
Car 0 0 -10 541.72 777.48 925.67 932.69 1.80 4.13 1.49 -2.57 3.38 17.49 0.08 0.4163
Car 0 0 -10 271.03 753.86 461.23 827.67 1.79 4.04 1.59 -14.77 4.89 37.22 -3.02 0.3108
