Pedestrian 0 0 -10 1381.37 721.89 1555.20 1036.32 0.68 0.78 1.71 2.93 2.30 8.69 3.13 0.4093
Pedestrian 0 0 -10 1173.29 723.66 1294.10 1013.19 0.66 0.69 1.69 1.69 2.33 9.34 0.10 0.3458
Pedestrian 0 0 -10 1198.09 775.47 1272.79 930.72 0.64 0.72 1.71 3.20 3.50 17.47 3.06 0.3248
Cyclist 0 0 -10 899.65 761.07 1040.55 896.50 0.92 1.92 1.75 0.14 3.70 20.86 0.04 0.3978
Car 0 0 -10 710.11 779.32 964.69 882.97 1.84 4.19 1.51 -2.11 4.33 26.21 0.09 0.8093
Car 0 0 -10 806.39 792.20 954.04 863.12 1.72 3.50 1.51 -2.01 5.84 37.67 0.09 0.7755
Car 0 0 -10 290.16 770.31 897.07 1040.37 1.77 3.67 1.48 -2.34 2.56 10.20 0.04 0.7344
Car 0 0 -10 521.63 763.31 930.92 935.54 1.84 4.16 1.59 -2.46 3.20 16.41 0.04 0.5973
Car 0 0 -10 246.20 750.00 448.23 820.46 1.77 4.19 1.50 -14.89 4.63 36.40 -3.10 0.5508
Car 0 0 -10 752.39 787.62 926.24 865.18 1.73 3.68 1.47 -2.64 5.15 32.95 0.01 0.4858
Car 0 0 -10 0.00 646.31 667.00 1216.00 1.79 4.00 1.50 -2.63 1.55 2.27 0.01 0.4455
Car 0 0 -10 830.68 791.63 961.65 848.64 1.80 4.00 1.55 -2.05 7.00 47.86 0.08 0.3884
Car 0 0 -10 94.82 746.76 353.36 834.42 1.75 4.34 1.57 -14.76 4.09 30.08 -3.13 0.3394
Car 0 0 -10 810.21 795.69 956.82 858.97 1.86 4.07 1.56 -2.23 6.65 43.58 0.07 0.3030
