Pedestrian 0 0 -10 1420.75 720.23 1587.18 1054.01 0.66 0.69 1.71 2.95 2.25 8.18 -3.10 0.3819
Pedestrian 0 0 -10 1206.73 775.41 1284.92 934.12 0.65 0.72 1.68 3.19 3.41 16.83 3.08 0.3462
Cyclist 0 0 -10 927.45 768.45 1070.35 904.81 0.91 1.93 1.74 0.54 3.79 20.81 0.09 0.4145
Car 0 0 -10 796.17 791.73 958.26 862.62 1.77 3.86 1.50 -2.06 5.77 37.32 0.06 0.9050
Car 0 0 -10 259.70 771.91 897.43 1052.93 1.77 3.67 1.47 -2.30 2.51 9.69 0.02 0.8633
Car 0 0 -10 707.61 781.32 972.48 888.09 1.84 4.27 1.52 -2.01 4.31 25.61 0.09 0.8624
Car 0 0 -10 500.00 764.28 923.86 936.56 1.82 4.15 1.53 -2.52 3.09 15.83 0.03 0.6699
Car 0 0 -10 0.00 695.32 725.36 1216.00 1.82 4.20 1.49 -2.94 1.74 4.31 0.02 0.5687
Car 0 0 -10 810.88 801.33 958.66 863.85 1.81 4.11 1.53 -2.19 6.79 43.50 0.07 0.4224
Car 0 0 -10 244.34 756.88 449.13 825.88 1.75 4.24 1.46 -14.80 4.73 36.15 -3.11 0.4127
Car 0 0 -10 746.28 787.23 931.19 868.38 1.77 3.78 1.49 -2.59 5.08 32.19 0.04 0.4036
Car 0 0 -10 0.00 745.90 201.17 846.94 1.71 4.26 1.46 -15.23 3.56 24.95 -3.09 0.3027
