Pedestrian 0 0 -10 1614.57 696.46 1847.56 1186.17 0.66 0.66 1.69 2.90 1.99 5.69 1.82 0.5322
Pedestrian 0 0 -10 1265.37 714.38 1448.03 1064.26 0.66 0.74 1.65 1.97 2.12 7.54 -0.01 0.4324
Pedestrian 0 0 -10 1273.24 756.38 1356.01 945.68 0.65 0.68 1.67 3.31 2.93 14.04 -3.04 0.3546
Cyclist 0 0 -10 935.66 761.93 1081.64 898.05 0.90 1.92 1.73 0.64 3.68 20.65 -0.08 0.4134
Car 0 0 -10 705.85 777.00 987.54 893.10 1.83 4.24 1.54 -1.78 4.11 24.08 0.13 0.9211
Car 0 0 -10 56.64 748.62 878.09 1098.33 1.76 3.70 1.47 -2.33 2.19 7.79 0.00 0.8632
Car 0 0 -10 806.95 790.99 984.39 864.78 1.78 4.07 1.49 -1.52 5.56 35.70 0.06 0.6760
Car 0 0 -10 470.86 753.78 940.43 956.88 1.86 4.07 1.60 -2.31 2.92 14.24 0.08 0.5473
Car 0 0 -10 858.19 796.56 993.56 855.15 1.82 4.02 1.52 -1.04 6.83 45.31 0.01 0.4709
Car 0 0 -10 37.12 748.99 316.02 840.71 1.79 4.31 1.51 -14.66 3.92 28.10 -3.12 0.4453
Car 0 0 -10 0.00 665.38 553.98 1216.00 1.80 3.88 1.49 -2.97 1.60 2.94 -0.04 0.4078
Car 0 0 -10 765.36 785.03 965.68 872.52 1.75 3.80 1.48 -1.88 4.81 30.09 0.09 0.3764
Car 0 0 -10 0.00 731.84 142.31 843.72 1.69 4.33 1.51 -15.25 3.23 23.13 -3.05 0.3251
