Pedestrian 0 0 -10 1279.06 756.26 1366.61 950.04 0.66 0.70 1.68 3.33 2.93 13.82 -3.04 0.5731
Pedestrian 0 0 -10 1623.86 684.41 1914.72 1207.42 0.66 0.67 1.70 2.91 1.94 5.42 2.68 0.4471
Pedestrian 0 0 -10 1288.47 710.22 1489.85 1082.93 0.68 0.76 1.70 2.09 2.14 7.36 -0.08 0.3911
Cyclist 0 0 -10 942.14 758.02 1087.22 895.37 0.87 1.93 1.75 0.72 3.60 20.36 0.01 0.3125
Car 0 0 -10 700.71 779.30 995.32 895.10 1.84 4.38 1.50 -1.74 4.07 23.75 0.13 0.9010
Car 0 0 -10 36.24 739.08 875.60 1106.27 1.72 3.59 1.48 -2.27 2.12 7.44 0.00 0.8865
Car 0 0 -10 811.00 794.91 986.24 871.90 1.78 3.95 1.53 -1.44 5.68 35.44 0.09 0.7961
Car 0 0 -10 841.01 795.00 984.96 851.82 1.81 4.25 1.47 -1.43 6.70 45.06 -0.00 0.7043
Car 0 0 -10 466.05 745.69 943.96 953.99 1.88 4.15 1.66 -2.30 2.89 14.18 0.06 0.5280
Car 0 0 -10 0.00 757.07 263.62 846.62 1.73 4.19 1.44 -15.35 3.95 27.55 -3.13 0.3753
Car 0 0 -10 0.00 737.21 116.82 847.24 1.67 4.30 1.44 -15.25 3.19 22.41 -3.09 0.3025
