Pedestrian 0 0 -10 1454.92 720.69 1631.39 1087.47 0.64 0.66 1.70 2.88 2.20 7.45 -3.07 0.5321
Pedestrian 0 0 -10 1185.21 727.57 1321.60 1033.49 0.65 0.67 1.67 1.69 2.29 8.71 0.00 0.4346
Pedestrian 0 0 -10 1229.53 773.11 1303.77 941.79 0.66 0.65 1.69 3.24 3.30 15.91 3.14 0.3698
Pedestrian 0 0 -10 217.84 772.25 389.41 995.01 0.67 0.92 1.30 -4.31 2.32 9.86 -1.47 0.3492
Cyclist 0 0 -10 934.70 764.82 1077.48 900.30 0.92 1.92 1.73 0.61 3.71 20.60 0.01 0.4214
Car 0 0 -10 717.55 783.53 971.79 891.01 1.87 4.02 1.50 -1.89 4.27 25.07 0.07 0.9262
Car 0 0 -10 243.70 765.30 898.79 1072.36 1.73 3.48 1.49 -2.19 2.43 9.06 0.05 0.8670
Car 0 0 -10 800.97 792.12 969.69 865.45 1.79 3.94 1.51 -1.84 5.77 36.93 0.10 0.7473
Car 0 0 -10 508.14 758.76 940.17 937.06 1.85 4.20 1.57 -2.38 3.07 15.75 0.06 0.5761
Car 0 0 -10 40.15 750.69 499.31 913.76 2.00 5.06 1.81 -8.85 3.53 19.42 -3.09 0.4965
Car 0 0 -10 842.90 793.02 972.40 850.33 1.77 3.92 1.54 -1.65 6.92 46.88 0.05 0.4573
Car 0 0 -10 773.44 793.16 955.68 875.67 1.73 3.63 1.46 -2.00 5.13 31.61 0.08 0.4345
Car 0 0 -10 0.00 437.55 508.88 1216.00 1.82 4.07 1.55 -2.81 1.46 1.64 -0.00 0.3489
Car 0 0 -10 0.00 741.50 175.09 845.71 1.69 4.24 1.48 -15.23 3.43 24.11 -3.13 0.3409
