Pedestrian 0 0 -10 1505.67 715.09 1693.73 1042.77 0.65 0.72 1.63 3.38 2.13 7.97 3.14 0.3746
Pedestrian 0 0 -10 1670.30 675.93 1936.00 1216.00 0.74 0.63 1.65 2.18 1.79 3.59 -3.07 0.3619
Pedestrian 0 0 -10 1566.69 751.79 1731.88 1034.99 0.75 0.62 1.57 4.10 2.36 8.96 1.69 0.3339
Cyclist 0 0 -10 942.23 780.45 1085.44 915.61 0.89 1.94 1.73 0.71 3.93 20.67 -0.02 0.4162
Car 0 0 -10 611.27 773.28 969.82 917.04 1.82 4.25 1.52 -2.02 3.46 18.66 0.01 0.8416
Car 0 0 -10 811.90 780.25 956.56 846.77 1.74 3.70 1.54 -2.03 5.80 40.05 0.06 0.7828
Car 0 0 -10 0.00 635.22 837.29 1216.00 1.80 3.96 1.53 -2.31 1.56 2.64 0.05 0.7586
Car 0 0 -10 755.58 785.30 962.57 874.12 1.78 4.00 1.53 -2.02 4.89 30.37 0.06 0.7152
Car 0 0 -10 851.70 784.60 979.82 840.11 1.80 3.99 1.53 -1.42 6.76 47.93 0.04 0.5839
Car 0 0 -10 148.47 725.47 921.97 1052.62 1.82 4.09 1.59 -2.36 2.26 8.97 0.07 0.5757
Car 0 0 -10 272.97 758.71 476.20 831.49 1.80 4.25 1.56 -14.25 4.91 36.47 -3.11 0.3143
