Pedestrian 0 0 -10 1363.78 729.67 1498.21 984.08 0.70 0.72 1.70 3.33 2.47 10.65 3.10 0.5595
Pedestrian 0 0 -10 1070.14 790.89 1091.43 841.28 0.60 0.61 1.64 4.10 7.37 51.29 3.00 0.3877
Pedestrian 0 0 -10 269.43 762.49 367.88 900.13 0.75 0.64 1.36 -6.96 2.90 16.21 -2.67 0.3333
Pedestrian 0 0 -10 1450.62 688.12 1710.00 1196.04 0.65 0.68 1.67 2.19 1.91 5.35 0.05 0.3094
Car 0 0 -10 659.82 783.51 982.91 911.12 1.87 4.30 1.48 -1.87 3.81 20.94 0.04 0.9268
Car 0 0 -10 785.83 791.20 966.93 873.01 1.76 3.77 1.52 -1.83 5.30 32.97 0.09 0.6100
Car 0 0 -10 872.28 793.20 993.53 847.06 1.80 3.93 1.54 -0.91 7.27 49.90 0.05 0.5774
Car 0 0 -10 0.00 703.99 888.82 1216.00 1.78 3.88 1.50 -2.25 1.80 4.66 0.05 0.4295
Car 0 0 -10 800.90 802.36 964.91 874.11 1.80 3.98 1.53 -1.96 6.20 38.25 0.08 0.3699
Car 0 0 -10 838.48 797.10 977.21 855.03 1.77 4.04 1.48 -1.57 6.78 45.01 0.05 0.3090
