Pedestrian 0 0 -10 1386.72 702.13 1617.00 1143.56 0.65 0.71 1.68 2.20 2.02 6.15 -0.01 0.4272
Pedestrian 0 0 -10 1322.30 746.77 1440.51 973.38 0.69 0.72 1.68 3.31 2.67 11.84 3.10 0.3751
Cyclist 0 0 -10 946.57 770.97 1092.02 906.84 0.87 1.94 1.74 0.79 3.82 20.73 -0.06 0.3660
Car 0 0 -10 676.57 776.26 982.55 901.59 1.82 4.18 1.51 -1.85 3.83 21.81 0.10 0.8503
Car 0 0 -10 802.19 793.81 980.25 872.88 1.77 3.82 1.50 -1.54 5.43 33.79 0.08 0.7410
Car 0 0 -10 368.19 746.69 937.30 974.21 1.82 4.27 1.56 -2.37 2.64 12.28 0.03 0.6031
Car 0 0 -10 0.00 735.67 883.09 1216.00 1.77 3.74 1.48 -2.30 1.99 5.85 0.11 0.5961
Car 0 0 -10 872.85 786.93 993.54 841.66 1.80 4.02 1.62 -0.93 7.27 51.11 0.04 0.4546
Car 0 0 -10 0.00 749.34 201.65 839.57 1.72 4.25 1.47 -16.60 3.84 27.63 -3.14 0.4187
Car 0 0 -10 0.00 786.78 236.91 1029.93 1.74 4.34 1.42 -8.22 2.84 11.85 -2.91 0.3761
Car 0 0 -10 835.98 796.57 979.95 858.99 1.83 4.03 1.53 -1.50 6.62 43.31 0.05 0.3676
