Pedestrian 0 0 -10 1383.43 729.53 1538.19 1006.36 0.71 0.78 1.74 3.35 2.47 10.07 3.08 0.5363
Pedestrian 0 0 -10 1464.23 701.61 1732.92 1216.00 0.77 0.65 1.69 2.08 1.97 4.97 -2.99 0.3787
Pedestrian 0 0 -10 245.10 769.53 346.87 913.63 0.78 0.65 1.39 -6.98 2.95 15.71 -2.97 0.3019
Cyclist 0 0 -10 947.03 756.33 1089.41 892.14 0.90 1.92 1.75 0.78 3.61 20.66 0.02 0.3415
Car 0 0 -10 656.49 778.17 979.69 908.75 1.81 4.16 1.48 -1.87 3.68 20.40 0.06 0.9325
Car 0 0 -10 0.00 702.03 855.25 1216.00 1.77 3.84 1.50 -2.32 1.77 4.35 0.05 0.7973
Car 0 0 -10 780.42 791.19 961.83 873.52 1.75 3.72 1.50 -1.90 5.20 32.31 0.07 0.7935
Car 0 0 -10 867.13 794.99 993.50 850.01 1.84 4.08 1.56 -0.99 7.31 49.57 0.04 0.5954
Car 0 0 -10 798.48 804.60 958.44 875.17 1.75 3.86 1.50 -2.08 6.21 38.15 0.10 0.3810
Car 0 0 -10 375.42 756.76 910.95 982.64 1.78 3.87 1.49 -2.40 2.63 11.97 0.04 0.3009
