Pedestrian 0 0 -10 1559.55 727.87 1716.30 1041.39 0.66 0.65 1.76 4.03 2.39 8.94 -3.10 0.4293
Pedestrian 0 0 -10 1690.94 718.34 1906.67 1087.23 0.76 0.63 1.68 4.10 2.16 7.36 -1.40 0.3967
Pedestrian 0 0 -10 1679.63 699.84 1936.00 1147.17 0.65 0.73 1.66 3.42 1.98 6.02 3.09 0.3820
Pedestrian 0 0 -10 1077.39 785.59 1101.53 838.98 0.61 0.67 1.63 4.12 6.83 48.04 3.04 0.3177
Pedestrian 0 0 -10 1062.47 779.76 1082.46 830.35 0.53 0.56 1.52 3.48 6.39 46.78 3.09 0.3088
Cyclist 0 0 -10 936.47 777.74 1085.22 916.39 0.88 1.95 1.74 0.65 3.86 20.29 -0.06 0.4190
Car 0 0 -10 566.88 773.83 957.33 932.27 1.85 4.18 1.51 -2.14 3.29 16.95 -0.01 0.7457
Car 0 0 -10 845.41 785.92 975.40 841.83 1.78 3.92 1.49 -1.54 6.58 46.34 0.03 0.7194
Car 0 0 -10 802.38 783.05 966.36 854.12 1.80 4.05 1.57 -1.96 5.79 38.85 0.08 0.6400
Car 0 0 -10 749.14 790.38 958.66 883.72 1.77 3.81 1.51 -2.03 4.83 28.95 0.09 0.4715
Car 0 0 -10 644.59 785.88 930.04 900.51 1.81 4.11 1.46 -2.59 4.04 22.95 0.05 0.3987
