Pedestrian 0 0 -10 1540.87 713.75 1725.09 1064.39 0.65 0.64 1.64 3.35 2.11 7.49 -3.13 0.5182
Pedestrian 0 0 -10 1591.87 752.88 1754.10 1045.64 0.75 0.63 1.56 4.14 2.35 8.74 1.82 0.4042
Pedestrian 0 0 -10 1062.52 790.76 1082.33 841.01 0.56 0.57 1.54 3.58 6.92 48.19 3.09 0.3647
Cyclist 0 0 -10 935.08 779.63 1080.29 915.11 0.88 1.94 1.73 0.62 3.92 20.71 -0.05 0.4537
Car 0 0 -10 607.99 772.80 966.33 919.01 1.83 4.18 1.52 -2.03 3.43 18.35 -0.00 0.7544
Car 0 0 -10 752.56 786.52 964.59 878.13 1.81 4.05 1.56 -2.01 4.92 30.10 0.07 0.7422
Car 0 0 -10 0.00 555.90 808.56 1216.00 1.81 3.97 1.55 -2.34 1.49 2.33 0.04 0.7181
Car 0 0 -10 851.38 786.50 975.82 841.27 1.77 3.84 1.50 -1.48 6.73 47.49 0.03 0.7009
Car 0 0 -10 811.93 783.25 962.06 851.10 1.78 3.83 1.55 -1.95 5.89 39.95 0.06 0.6985
Car 0 0 -10 268.92 754.81 475.43 828.30 1.80 4.31 1.56 -14.26 4.81 36.33 -3.10 0.3644
Car 0 0 -10 725.06 796.70 952.41 899.13 1.73 3.60 1.43 -2.02 4.46 25.32 0.08 0.3316
