Pedestrian 0 0 -10 1659.83 700.88 1902.87 1129.23 0.66 0.65 1.66 3.40 1.99 6.24 3.11 0.5442
Pedestrian 0 0 -10 1063.06 774.85 1084.18 828.18 0.55 0.58 1.60 3.52 6.34 46.94 3.06 0.4739
Pedestrian 0 0 -10 1559.72 731.72 1708.86 1026.80 0.66 0.65 1.73 4.20 2.43 9.37 -3.11 0.3267
Cyclist 0 0 -10 945.61 774.66 1088.17 909.89 0.89 1.93 1.74 0.75 3.85 20.67 0.00 0.4665
Car 0 0 -10 592.29 777.74 960.29 932.11 1.80 4.05 1.51 -2.04 3.38 17.35 -0.00 0.7316
Car 0 0 -10 846.77 787.26 975.13 844.18 1.79 3.86 1.52 -1.53 6.69 46.61 0.05 0.6576
Car 0 0 -10 805.05 780.99 969.89 851.85 1.82 4.08 1.57 -1.89 5.76 39.07 0.10 0.6199
Car 0 0 -10 748.08 794.35 968.46 888.25 1.79 4.04 1.51 -1.96 4.95 29.20 0.11 0.5852
Car 0 0 -10 0.00 736.30 803.48 1101.80 1.84 4.06 1.53 -2.94 2.19 7.79 -0.01 0.3333
Car 0 0 -10 0.00 742.48 190.46 845.47 1.79 4.49 1.55 -15.93 3.64 25.65 3.11 0.3135
