Pedestrian 0 0 -10 1580.24 708.42 1790.99 1095.76 0.64 0.65 1.66 3.30 2.06 6.86 3.12 0.4887
Pedestrian 0 0 -10 1632.01 743.45 1815.89 1056.14 0.72 0.64 1.57 4.14 2.25 8.15 1.70 0.4831
Pedestrian 0 0 -10 1713.81 711.14 1936.00 1108.35 0.70 0.63 1.71 3.98 2.13 6.91 -1.53 0.4114
Pedestrian 0 0 -10 1058.74 775.07 1081.45 827.09 0.59 0.63 1.58 3.47 6.41 47.71 3.03 0.3789
Cyclist 0 0 -10 944.27 779.73 1087.07 914.37 0.87 1.94 1.74 0.74 3.93 20.75 -0.01 0.4934
Car 0 0 -10 605.09 774.24 975.60 924.33 1.80 4.18 1.51 -1.94 3.38 17.80 -0.01 0.7942
Car 0 0 -10 847.71 784.08 974.20 839.95 1.80 3.88 1.52 -1.55 6.64 47.12 0.03 0.6811
Car 0 0 -10 807.26 782.79 962.41 851.59 1.80 3.93 1.56 -1.98 5.85 39.57 0.05 0.6709
Car 0 0 -10 0.00 401.82 779.03 1216.00 1.82 3.88 1.62 -2.32 1.46 2.04 0.04 0.6602
Car 0 0 -10 755.38 789.32 966.16 879.98 1.80 3.97 1.51 -1.97 4.93 30.00 0.11 0.6155
Car 0 0 -10 261.61 753.71 468.38 828.29 1.80 4.23 1.57 -14.22 4.74 35.81 -3.10 0.3078
