Pedestrian 0 0 -10 0.00 757.46 183.70 1158.44 0.64 0.66 1.44 -3.58 2.01 5.99 -1.69 0.3471
Pedestrian 0 0 -10 1037.80 776.72 1061.04 839.70 0.59 0.58 1.63 2.38 5.77 40.50 3.12 0.3464
Cyclist 0 0 -10 933.43 764.55 1077.26 900.32 0.87 1.92 1.73 0.58 3.67 20.38 -0.02 0.4103
Car 0 0 -10 357.99 755.87 935.93 977.49 1.82 4.26 1.48 -2.37 2.62 12.06 0.02 0.8730
Car 0 0 -10 749.98 785.50 931.36 865.51 1.77 3.84 1.52 -2.66 5.24 33.56 0.07 0.6832
Car 0 0 -10 0.00 643.26 654.53 1216.00 1.79 3.97 1.51 -2.69 1.56 2.52 0.01 0.6369
Car 0 0 -10 662.32 784.71 916.94 896.72 1.77 3.79 1.50 -2.66 4.14 23.76 0.04 0.5665
Car 0 0 -10 814.68 786.42 939.17 842.19 1.79 3.81 1.53 -2.66 6.79 47.69 0.04 0.5211
Car 0 0 -10 791.99 786.29 934.73 850.80 1.76 3.76 1.53 -2.66 6.07 41.17 0.04 0.4566
Car 0 0 -10 0.00 748.47 238.11 836.35 1.79 4.35 1.50 -16.64 3.97 29.02 3.13 0.3034
Car 0 0 -10 584.66 784.63 902.70 928.30 1.73 3.62 1.48 -2.59 3.54 18.37 0.03 0.3003
