Pedestrian 0 0 -10 0.00 730.80 145.06 1014.14 0.63 0.71 1.39 -4.85 1.98 8.00 1.48 0.4332
Pedestrian 0 0 -10 1740.76 706.05 1936.00 1174.07 0.66 0.68 1.65 3.49 1.97 5.71 3.11 0.3654
Pedestrian 0 0 -10 1071.37 785.77 1094.03 844.93 0.59 0.60 1.63 3.50 6.30 43.09 3.14 0.3056
Cyclist 0 0 -10 948.56 776.61 1090.02 911.30 0.88 1.91 1.73 0.78 3.87 20.65 -0.00 0.3924
Car 0 0 -10 466.50 776.53 935.81 964.95 1.83 4.07 1.45 -2.28 2.96 13.96 3.14 0.8814
Car 0 0 -10 781.24 779.40 956.45 854.85 1.80 3.95 1.53 -2.16 5.31 35.61 0.08 0.6600
Car 0 0 -10 848.21 794.56 975.37 847.68 1.78 4.08 1.50 -1.61 7.25 49.66 0.05 0.6521
Car 0 0 -10 820.77 790.48 956.04 851.60 1.78 3.77 1.52 -2.07 6.42 43.29 0.04 0.6167
Car 0 0 -10 615.82 794.30 912.88 922.23 1.72 3.74 1.43 -2.61 3.85 20.34 0.07 0.5249
Car 0 0 -10 0.00 508.52 817.67 1216.00 1.78 3.95 1.53 -2.22 1.47 1.64 0.01 0.4127
Car 0 0 -10 696.39 775.62 941.65 884.01 1.85 4.02 1.60 -2.44 4.36 26.28 0.09 0.3955
