Pedestrian 0 0 -10 1014.29 772.80 1035.87 822.26 0.60 0.59 1.55 2.11 6.48 49.47 2.95 0.4719
Pedestrian 0 0 -10 1022.38 780.37 1047.81 849.16 0.60 0.61 1.70 1.90 5.74 38.59 3.11 0.3792
Cyclist 0 0 -10 928.54 768.55 1074.43 906.85 0.92 1.94 1.75 0.53 3.76 20.45 -0.04 0.3916
Car 0 0 -10 717.06 781.71 903.87 865.32 1.79 3.88 1.55 -3.19 5.03 32.20 -0.02 0.7763
Car 0 0 -10 283.74 759.05 930.18 1006.57 1.83 4.30 1.49 -2.41 2.56 10.97 0.02 0.7435
Car 0 0 -10 759.60 790.81 917.32 855.72 1.80 4.03 1.48 -3.22 6.00 39.80 0.01 0.7259
Car 0 0 -10 178.34 755.88 393.20 829.83 1.75 4.19 1.51 -15.58 4.62 34.64 -3.12 0.4053
Car 0 0 -10 606.18 777.69 899.34 902.39 1.87 4.11 1.58 -3.01 3.96 22.28 -0.01 0.3565
Car 0 0 -10 809.40 785.04 932.97 840.23 1.76 3.68 1.48 -2.75 6.53 46.31 0.02 0.3442
Car 0 0 -10 0.00 433.79 724.66 1216.00 1.77 3.85 1.53 -2.31 1.45 1.51 0.02 0.3358
Car 0 0 -10 506.92 783.73 869.06 937.99 1.74 3.74 1.45 -2.98 3.34 16.84 0.02 0.3330
