Pedestrian 0 0 -10 1537.84 723.45 1714.69 1054.95 0.71 0.65 1.67 3.59 2.23 8.12 0.01 0.3352
Pedestrian 0 0 -10 1037.33 779.23 1061.40 842.22 0.59 0.64 1.66 2.42 5.94 41.17 -3.13 0.3192
Cyclist 0 0 -10 935.51 772.24 1078.58 905.56 0.91 1.94 1.71 0.62 3.80 20.69 -0.01 0.4218
Car 0 0 -10 409.63 769.34 940.25 973.02 1.80 4.18 1.43 -2.30 2.76 12.80 -3.12 0.8782
Car 0 0 -10 661.99 783.64 926.88 895.56 1.81 4.03 1.52 -2.65 4.22 24.34 0.07 0.7511
Car 0 0 -10 829.93 789.77 957.01 843.94 1.76 3.96 1.50 -2.16 6.95 48.44 0.05 0.6764
Car 0 0 -10 757.63 781.90 942.54 859.79 1.78 4.02 1.52 -2.51 5.23 34.33 0.07 0.5805
Car 0 0 -10 805.88 782.83 957.22 849.86 1.84 4.07 1.62 -2.20 6.16 42.01 0.05 0.4822
Car 0 0 -10 353.51 778.94 515.49 834.33 1.72 4.20 1.43 -15.59 6.10 44.39 -3.14 0.4197
Car 0 0 -10 0.00 669.07 778.15 1216.00 1.75 3.82 1.47 -2.39 1.58 2.97 0.02 0.3344
Car 0 0 -10 62.03 753.34 321.72 841.70 1.80 4.32 1.58 -15.47 4.25 30.22 3.14 0.3174
Car 0 0 -10 598.68 783.75 897.33 925.72 1.73 3.37 1.45 -2.54 3.51 18.38 0.05 0.3132
