Pedestrian 0 0 -10 1560.33 747.20 1725.87 1035.29 0.75 0.62 1.60 4.06 2.36 8.95 1.69 0.3028
Cyclist 0 0 -10 934.60 767.84 1082.00 906.86 0.98 1.95 1.74 0.62 3.73 20.31 -0.01 0.5326
Car 0 0 -10 454.47 770.24 940.21 963.88 1.82 4.10 1.47 -2.26 2.88 13.63 -3.14 0.9117
Car 0 0 -10 813.57 789.35 952.69 851.93 1.78 3.78 1.52 -2.19 6.31 42.56 0.06 0.7298
Car 0 0 -10 0.00 659.11 778.53 1216.00 1.75 3.77 1.49 -2.36 1.57 2.87 0.02 0.6060
Car 0 0 -10 777.52 790.86 953.17 868.06 1.78 3.89 1.52 -2.21 5.53 35.09 0.09 0.5733
Car 0 0 -10 847.83 790.05 971.65 843.58 1.77 3.91 1.50 -1.66 7.03 49.08 0.06 0.5428
Car 0 0 -10 684.28 779.38 928.66 890.53 1.85 3.89 1.60 -2.57 4.34 25.44 0.06 0.5033
Car 0 0 -10 164.17 761.21 373.94 832.16 1.72 4.09 1.45 -16.06 4.71 34.82 3.14 0.3137
Car 0 0 -10 636.11 783.32 910.34 911.15 1.71 3.41 1.44 -2.45 3.66 20.07 0.05 0.3135
