Pedestrian 0 0 -10 1039.08 786.33 1061.41 848.24 0.57 0.56 1.61 2.41 6.02 40.58 3.13 0.4072
Pedestrian 0 0 -10 1735.20 740.43 1920.51 1063.04 0.66 0.63 1.62 4.67 2.27 8.10 -1.49 0.3070
Cyclist 0 0 -10 930.25 767.38 1074.14 904.18 0.90 1.93 1.74 0.54 3.73 20.45 -0.02 0.4344
Car 0 0 -10 382.81 764.17 932.64 978.81 1.81 4.17 1.47 -2.33 2.70 12.33 3.14 0.8987
Car 0 0 -10 748.00 787.87 935.32 868.08 1.81 3.99 1.53 -2.65 5.32 33.73 0.07 0.6895
Car 0 0 -10 826.06 785.38 949.45 840.27 1.76 3.79 1.51 -2.32 6.75 47.83 0.05 0.6621
Car 0 0 -10 658.21 781.57 921.50 894.63 1.80 3.95 1.53 -2.67 4.13 23.91 0.05 0.5844
Car 0 0 -10 790.31 788.42 939.46 853.18 1.81 3.95 1.54 -2.64 6.20 41.61 0.05 0.4823
Car 0 0 -10 23.40 747.31 285.59 834.02 1.77 4.24 1.52 -15.88 4.01 29.58 -3.13 0.3830
Car 0 0 -10 363.67 765.39 529.59 823.75 1.79 4.23 1.49 -15.02 5.69 43.78 -3.11 0.3689
