Pedestrian 0 0 -10 982.02 771.94 1004.20 828.60 0.62 0.60 1.68 0.99 6.28 46.44 3.01 0.3455
Pedestrian 0 0 -10 993.02 782.20 1020.89 854.77 0.60 0.63 1.66 1.09 5.47 35.89 3.11 0.3174
Pedestrian 0 0 -10 1018.62 784.38 1045.73 856.32 0.61 0.62 1.66 1.71 5.55 36.17 3.14 0.3120
Cyclist 0 0 -10 885.26 758.29 1031.36 896.91 0.91 1.87 1.72 -0.06 3.57 20.19 -0.13 0.4821
Car 0 0 -10 571.09 780.74 867.64 912.48 1.76 3.72 1.52 -3.18 3.71 20.18 -0.00 0.8999
Car 0 0 -10 18.06 762.11 844.11 1094.24 1.85 4.02 1.49 -2.73 2.35 8.45 -0.02 0.8245
Car 0 0 -10 687.36 783.38 889.66 871.47 1.78 3.85 1.51 -3.39 4.78 29.89 -0.01 0.7770
Car 0 0 -10 772.83 780.89 910.44 837.85 1.76 3.91 1.46 -3.48 6.14 44.03 -0.00 0.7080
Car 0 0 -10 724.50 780.33 888.72 851.39 1.80 3.94 1.55 -3.83 5.54 37.47 -0.01 0.6560
Car 0 0 -10 771.15 780.36 897.99 830.93 1.75 4.09 1.48 -4.21 6.78 50.12 0.01 0.4832
Car 0 0 -10 432.11 765.79 847.21 950.66 1.76 3.62 1.50 -3.01 2.96 14.54 0.04 0.3567
Car 0 0 -10 84.72 757.86 306.54 834.75 1.79 4.13 1.54 -17.36 4.65 34.04 -3.14 0.3403
