Pedestrian 0 0 -10 1015.99 787.23 1045.04 863.22 0.62 0.70 1.79 1.70 5.82 36.85 -3.11 0.3373
Pedestrian 0 0 -10 0.00 752.59 100.69 1045.73 0.60 0.70 1.34 -4.83 2.01 7.51 -1.55 0.3361
Pedestrian 0 0 -10 1710.22 698.58 1936.00 1188.82 0.71 0.63 1.69 3.33 1.98 5.64 3.06 0.3084
Cyclist 0 0 -10 900.66 756.51 1041.04 889.80 0.89 1.87 1.70 0.12 3.57 20.67 -0.09 0.3099
Car 0 0 -10 155.47 767.18 892.01 1057.63 1.85 4.11 1.47 -2.52 2.45 9.42 -0.01 0.7619
Car 0 0 -10 704.32 790.87 899.60 876.75 1.83 3.85 1.52 -3.23 5.05 30.91 -0.00 0.7484
Car 0 0 -10 782.72 791.78 917.47 847.89 1.81 3.90 1.45 -3.32 6.59 45.13 0.02 0.6427
Car 0 0 -10 583.40 782.26 890.41 908.41 1.79 4.03 1.50 -3.08 3.82 21.11 0.03 0.6107
Car 0 0 -10 748.21 796.13 903.39 865.07 1.77 3.80 1.52 -3.42 6.00 38.22 0.00 0.4849
Car 0 0 -10 95.08 770.32 325.03 847.84 1.74 4.23 1.48 -16.64 4.81 33.28 3.08 0.4457
Car 0 0 -10 463.86 776.39 855.51 948.91 1.74 3.64 1.48 -2.97 3.12 15.29 0.01 0.4419
Car 0 0 -10 0.00 745.89 214.79 838.50 1.76 4.34 1.53 -16.59 3.87 28.02 -3.13 0.3249
