Pedestrian 0 0 -10 992.58 786.94 1019.09 858.85 0.58 0.58 1.62 1.05 5.49 35.39 3.09 0.4604
Pedestrian 0 0 -10 979.26 776.68 1004.09 833.01 0.64 0.69 1.65 0.94 6.37 46.11 3.03 0.3652
Pedestrian 0 0 -10 1686.07 705.13 1936.00 1142.84 0.70 0.68 1.71 3.57 2.07 6.30 1.57 0.3009
Cyclist 0 0 -10 886.84 760.22 1028.85 896.47 0.99 1.90 1.73 -0.07 3.65 20.64 -0.07 0.4584
Car 0 0 -10 0.00 745.95 854.38 1088.07 1.86 4.18 1.51 -2.73 2.25 8.24 -0.02 0.8344
Car 0 0 -10 555.29 780.76 871.43 914.03 1.78 3.92 1.51 -3.21 3.68 19.94 0.00 0.8220
Car 0 0 -10 719.39 784.58 892.58 855.64 1.83 4.14 1.52 -3.81 5.60 37.25 -0.01 0.7917
Car 0 0 -10 677.06 784.83 894.77 875.17 1.82 4.06 1.52 -3.41 4.79 29.63 0.03 0.6938
Car 0 0 -10 754.47 781.51 896.54 838.48 1.75 4.01 1.45 -3.93 6.12 43.76 -0.01 0.6894
Car 0 0 -10 770.33 779.66 896.85 830.93 1.75 4.08 1.48 -4.20 6.72 49.67 -0.02 0.4447
Car 0 0 -10 410.38 761.04 846.05 955.57 1.76 3.60 1.51 -2.94 2.84 13.75 0.02 0.4080
