Pedestrian 0 0 -10 960.89 781.37 986.72 842.08 0.64 0.67 1.66 0.36 6.21 43.09 3.02 0.5591
Pedestrian 0 0 -10 998.09 777.36 1027.70 854.22 0.62 0.66 1.68 1.18 5.20 34.24 -3.13 0.3285
Cyclist 0 0 -10 847.24 767.57 990.42 906.46 0.85 1.89 1.73 -0.58 3.70 20.15 -0.06 0.4556
Car 0 0 -10 0.00 729.13 834.49 1203.89 1.83 4.33 1.50 -2.80 2.00 6.17 0.04 0.9042
Car 0 0 -10 453.43 776.76 835.79 925.01 1.80 4.17 1.48 -3.65 3.38 17.77 -0.01 0.8711
Car 0 0 -10 639.26 781.20 852.60 877.60 1.75 3.65 1.52 -3.89 4.48 27.43 0.01 0.8621
Car 0 0 -10 739.63 784.18 880.11 847.30 1.77 3.75 1.51 -4.15 6.03 41.46 -0.02 0.7110
Car 0 0 -10 273.72 762.97 823.39 993.97 1.75 3.73 1.46 -2.99 2.60 11.43 -0.01 0.6542
Car 0 0 -10 684.73 781.98 854.37 857.01 1.77 3.71 1.51 -4.41 5.26 34.77 0.00 0.6230
Car 0 0 -10 529.49 774.70 797.21 893.29 1.77 3.61 1.51 -4.34 3.82 22.18 0.01 0.3750
Car 0 0 -10 743.16 780.01 874.61 834.89 1.79 3.98 1.52 -4.80 6.54 47.48 0.01 0.3349
Car 0 0 -10 1311.00 717.12 1936.00 1145.26 1.89 4.29 1.74 4.10 2.26 7.43 -0.00 0.3307
