Pedestrian 0 0 -10 993.66 781.63 1022.69 857.33 0.60 0.61 1.65 1.07 5.26 34.17 3.08 0.4430
Pedestrian 0 0 -10 1431.24 775.13 1726.41 1183.93 0.71 0.88 1.29 2.23 1.89 5.51 -1.60 0.3119
Pedestrian 0 0 -10 1234.09 785.10 1313.22 973.23 0.57 0.70 1.45 2.65 2.85 12.68 1.91 0.3001
Cyclist 0 0 -10 882.83 765.30 1026.41 902.31 0.93 1.90 1.72 -0.11 3.68 20.34 -0.06 0.3513
Car 0 0 -10 0.00 731.76 861.69 1123.70 1.86 4.41 1.52 -2.75 2.11 7.28 -0.01 0.9318
Car 0 0 -10 748.59 783.47 889.35 843.92 1.76 3.91 1.49 -4.03 6.14 42.84 -0.03 0.8853
Car 0 0 -10 717.31 783.69 880.73 856.32 1.77 3.79 1.54 -3.90 5.50 36.40 0.00 0.8424
Car 0 0 -10 659.76 778.15 865.26 871.38 1.75 3.68 1.54 -3.75 4.58 28.67 0.02 0.8213
Car 0 0 -10 523.02 782.65 854.74 920.22 1.78 3.84 1.46 -3.32 3.53 18.78 -0.00 0.7314
Car 0 0 -10 363.54 755.78 853.87 962.29 1.77 3.89 1.52 -2.94 2.75 13.10 -0.01 0.5688
Car 0 0 -10 749.54 776.93 876.79 829.04 1.78 3.99 1.47 -4.77 6.50 48.57 -0.02 0.4843
