Pedestrian 0 0 -10 1016.26 781.74 1045.30 853.63 0.64 0.64 1.67 1.70 5.55 36.62 3.07 0.3723
Pedestrian 0 0 -10 992.26 781.49 1019.65 851.82 0.61 0.58 1.56 1.04 5.24 34.85 3.06 0.3445
Pedestrian 0 0 -10 1483.52 753.76 1780.40 1163.00 0.94 0.94 1.45 2.73 2.04 6.21 -1.37 0.3064
Cyclist 0 0 -10 889.73 764.13 1029.71 898.71 0.92 1.89 1.72 -0.04 3.69 20.66 -0.05 0.4746
Car 0 0 -10 663.57 778.64 871.32 870.84 1.78 3.77 1.54 -3.71 4.62 29.05 0.03 0.8671
Car 0 0 -10 718.77 780.87 886.51 852.58 1.83 3.92 1.53 -3.84 5.45 36.70 0.00 0.8356
Car 0 0 -10 0.00 744.39 876.03 1100.06 1.87 4.44 1.50 -2.73 2.20 7.88 0.00 0.8319
Car 0 0 -10 755.32 785.81 894.28 844.97 1.76 3.86 1.48 -3.90 6.23 43.23 -0.00 0.6511
Car 0 0 -10 539.81 784.29 866.83 919.35 1.79 3.97 1.48 -3.26 3.65 19.47 -0.02 0.5575
Car 0 0 -10 392.38 767.35 850.42 959.48 1.77 3.80 1.47 -2.98 2.86 13.70 -0.01 0.5359
