Pedestrian 0 0 -10 997.50 785.62 1021.99 839.23 0.62 0.66 1.63 1.56 6.85 48.17 2.93 0.4632
Pedestrian 0 0 -10 1017.67 786.29 1044.61 855.80 0.60 0.62 1.66 1.75 5.74 37.48 3.09 0.3158
Cyclist 0 0 -10 899.07 758.16 1042.05 894.42 0.83 1.86 1.71 0.11 3.57 20.30 -0.10 0.3786
Car 0 0 -10 177.96 761.28 929.93 1043.51 1.85 4.44 1.48 -2.44 2.47 9.83 -0.04 0.8515
Car 0 0 -10 709.92 783.97 899.34 869.25 1.80 3.77 1.52 -3.20 4.93 31.11 -0.01 0.7589
Car 0 0 -10 752.22 795.96 905.87 862.82 1.78 3.84 1.48 -3.38 6.01 38.71 -0.02 0.6143
Car 0 0 -10 600.29 781.45 891.80 903.94 1.77 3.91 1.49 -3.01 3.84 21.50 0.02 0.5381
Car 0 0 -10 0.00 720.58 408.21 1180.66 1.82 3.88 1.53 -4.70 2.05 6.77 -0.19 0.5341
Car 0 0 -10 784.13 790.13 915.92 847.12 1.79 3.90 1.51 -3.38 6.69 45.92 0.01 0.5160
Car 0 0 -10 122.09 771.58 351.11 849.07 1.75 4.24 1.48 -16.03 4.84 33.25 3.09 0.3623
Car 0 0 -10 480.50 785.50 864.62 942.18 1.78 3.95 1.47 -3.12 3.36 16.73 0.00 0.3531
Car 0 0 -10 261.30 778.18 436.18 839.15 1.69 4.10 1.46 -16.75 5.75 41.01 -3.14 0.3157
