Pedestrian 0 0 -10 973.88 779.88 1005.59 862.49 0.60 0.62 1.63 0.59 4.87 30.97 3.10 0.4866
Pedestrian 0 0 -10 1349.66 730.52 1509.60 1020.04 0.77 0.62 1.71 2.95 2.40 9.45 1.42 0.3822
Pedestrian 0 0 -10 960.18 780.51 988.56 843.91 0.64 0.70 1.67 0.36 6.04 41.62 3.00 0.3233
Cyclist 0 0 -10 842.20 763.11 988.17 904.56 0.97 1.93 1.77 -0.63 3.69 20.26 -0.04 0.5052
Car 0 0 -10 407.78 770.16 825.28 936.49 1.82 4.15 1.52 -3.62 3.19 16.29 -0.03 0.8375
Car 0 0 -10 716.38 784.33 863.11 848.70 1.75 3.76 1.49 -4.55 5.86 40.09 -0.02 0.8202
Car 0 0 -10 0.00 670.30 844.43 1216.00 1.90 4.56 1.61 -2.78 1.80 5.11 0.04 0.8095
Car 0 0 -10 616.27 776.79 845.57 879.46 1.82 3.76 1.54 -3.96 4.30 26.19 -0.02 0.7420
Car 0 0 -10 723.44 779.70 859.33 835.64 1.78 4.03 1.49 -5.18 6.35 46.02 -0.04 0.5766
Car 0 0 -10 686.87 781.92 868.58 860.63 1.84 3.90 1.53 -4.09 5.18 33.79 -0.02 0.5735
Car 0 0 -10 196.84 752.95 815.19 1015.43 1.76 3.68 1.48 -2.93 2.43 10.20 0.01 0.5403
Car 0 0 -10 1377.79 702.08 1936.00 1216.00 1.87 4.19 1.73 4.10 2.11 6.19 -0.12 0.5152
