Pedestrian 0 0 -10 960.70 781.50 987.67 843.99 0.65 0.68 1.70 0.37 6.22 42.81 2.99 0.3350
Pedestrian 0 0 -10 978.11 774.48 1010.87 856.22 0.64 0.66 1.67 0.71 4.93 32.18 3.10 0.3255
Cyclist 0 0 -10 852.02 765.63 994.11 902.04 0.94 1.92 1.75 -0.52 3.74 20.68 -0.01 0.4874
Car 0 0 -10 0.00 713.63 819.66 1216.00 1.83 4.30 1.52 -2.81 1.92 5.84 0.03 0.8548
Car 0 0 -10 628.51 780.39 850.55 877.13 1.77 3.76 1.51 -3.96 4.42 27.12 0.01 0.8472
Car 0 0 -10 454.78 781.01 839.55 931.42 1.80 4.09 1.46 -3.53 3.37 17.35 -0.01 0.7910
Car 0 0 -10 733.01 786.95 878.05 848.56 1.75 3.84 1.46 -4.24 6.02 41.17 -0.02 0.7277
Car 0 0 -10 518.67 780.91 792.06 901.43 1.74 3.58 1.48 -4.33 3.82 21.55 -0.00 0.6206
Car 0 0 -10 281.24 757.70 830.90 991.65 1.75 3.71 1.47 -2.91 2.56 11.36 -0.02 0.5164
Car 0 0 -10 1318.52 717.08 1936.00 1191.51 1.91 4.42 1.73 4.06 2.20 6.77 -0.00 0.4390
Car 0 0 -10 740.15 775.58 873.68 830.43 1.79 4.04 1.51 -4.82 6.35 47.12 -0.01 0.3890
Car 0 0 -10 678.62 779.97 857.69 857.14 1.82 3.92 1.55 -4.44 5.26 34.77 0.01 0.3515
