Pedestrian 0 0 -10 967.24 776.43 1012.56 876.55 0.66 0.73 1.75 0.53 4.60 27.74 2.98 0.4303
Pedestrian 0 0 -10 1623.74 792.00 1936.00 1216.00 0.82 0.98 1.25 2.86 1.87 5.06 1.60 0.3481
Cyclist 0 0 -10 809.23 754.21 953.28 893.89 0.93 1.91 1.75 -1.09 3.55 20.28 -0.08 0.4205
Car 0 0 -10 0.00 651.92 693.13 1216.00 1.82 4.11 1.55 -2.76 1.62 3.02 0.01 0.8355
Car 0 0 -10 695.00 784.03 855.61 853.45 1.79 3.87 1.50 -4.63 5.60 37.62 -0.04 0.8184
Car 0 0 -10 549.30 775.26 810.96 889.58 1.80 3.80 1.52 -4.32 3.97 23.40 -0.04 0.7725
Car 0 0 -10 306.71 757.67 790.38 956.50 1.79 3.97 1.53 -3.64 2.84 13.75 -0.03 0.7547
Car 0 0 -10 644.49 781.99 838.13 867.73 1.83 3.82 1.54 -4.55 4.93 31.34 -0.03 0.5926
Car 0 0 -10 0.00 737.65 696.28 1108.30 1.81 3.91 1.50 -3.44 2.15 7.68 -0.06 0.5835
Car 0 0 -10 700.38 788.85 844.38 848.97 1.79 4.12 1.49 -5.51 6.43 43.96 -0.09 0.4107
Car 0 0 -10 419.11 781.80 749.07 930.71 1.73 3.51 1.49 -4.38 3.45 17.76 -0.03 0.3002
