Pedestrian 0 0 -10 959.97 778.86 989.01 849.23 0.66 0.69 1.75 0.34 5.83 39.20 3.04 0.4486
Pedestrian 0 0 -10 1140.75 764.27 1238.80 941.02 0.76 0.63 1.60 2.22 2.99 14.56 1.34 0.3873
Pedestrian 0 0 -10 1547.95 785.84 1853.61 1165.62 0.85 0.86 1.30 2.92 2.00 6.00 1.66 0.3841
Cyclist 0 0 -10 839.54 762.01 981.15 898.80 0.89 1.89 1.75 -0.68 3.66 20.44 -0.00 0.3672
Cyclist 0 0 -10 935.47 756.90 1039.77 853.41 0.81 1.98 1.76 0.52 4.38 29.16 -3.05 0.3193
Car 0 0 -10 364.82 769.14 789.52 951.32 1.75 3.72 1.50 -3.63 2.99 14.63 -0.02 0.8263
Car 0 0 -10 702.31 781.36 857.68 850.61 1.80 3.83 1.54 -4.63 5.68 38.57 -0.03 0.8080
Car 0 0 -10 0.00 675.94 738.02 1216.00 1.83 4.13 1.52 -2.79 1.69 3.89 0.02 0.7886
Car 0 0 -10 549.12 766.98 816.09 881.61 1.84 4.08 1.61 -4.47 4.03 24.48 -0.05 0.7220
Car 0 0 -10 650.03 786.20 841.05 866.81 1.83 3.87 1.47 -4.57 5.04 32.10 -0.02 0.6698
Car 0 0 -10 728.57 784.80 852.22 840.02 1.79 3.84 1.52 -5.43 6.74 47.87 -0.06 0.4741
Car 0 0 -10 1496.61 654.52 1936.00 1216.00 1.90 4.09 1.78 4.15 1.90 4.92 -0.07 0.3348
