Pedestrian 0 0 -10 958.25 784.87 987.53 856.03 0.62 0.65 1.74 0.30 5.91 38.59 2.95 0.4966
Pedestrian 0 0 -10 968.34 778.94 1008.61 874.55 0.63 0.70 1.72 0.51 4.68 28.40 3.05 0.4328
Pedestrian 0 0 -10 1568.28 745.78 1932.74 1161.06 0.85 0.88 1.34 2.95 1.84 5.66 1.30 0.3531
Pedestrian 0 0 -10 1133.89 764.64 1235.43 945.53 0.76 0.68 1.60 2.12 2.97 14.25 1.35 0.3233
Pedestrian 0 0 -10 1330.21 741.50 1486.43 1051.62 0.81 0.60 1.75 2.75 2.51 9.27 2.90 0.3166
Pedestrian 0 0 -10 1006.00 784.07 1042.30 871.78 0.63 0.67 1.69 1.27 4.94 30.29 3.08 0.3054
Cyclist 0 0 -10 839.26 763.93 984.54 902.75 0.86 1.89 1.75 -0.66 3.69 20.38 0.09 0.4018
Car 0 0 -10 691.96 787.01 857.20 857.47 1.81 4.07 1.54 -4.72 5.80 38.26 -0.05 0.8087
Car 0 0 -10 0.00 677.88 744.78 1216.00 1.82 4.12 1.51 -2.69 1.66 3.42 0.01 0.7887
Car 0 0 -10 338.61 767.00 778.85 954.95 1.77 3.73 1.49 -3.69 2.93 14.21 -0.03 0.7805
Car 0 0 -10 563.63 778.80 808.98 888.42 1.77 3.66 1.50 -4.34 4.07 24.05 -0.03 0.7656
Car 0 0 -10 651.37 794.86 838.29 876.02 1.79 3.72 1.47 -4.54 5.18 31.74 -0.01 0.5803
Car 0 0 -10 705.61 780.23 849.53 837.83 1.79 4.09 1.48 -5.41 6.19 44.40 -0.03 0.4801
Car 0 0 -10 0.00 745.44 690.28 1097.70 1.78 3.73 1.51 -3.46 2.23 8.01 -0.03 0.3156
