Pedestrian 0 0 -10 1325.09 754.51 1471.70 1022.06 0.82 0.70 1.66 2.91 2.56 10.04 -1.49 0.4534
Pedestrian 0 0 -10 998.78 779.63 1029.24 859.14 0.62 0.63 1.70 1.18 5.19 33.48 3.09 0.4298
Pedestrian 0 0 -10 1101.06 765.94 1184.93 924.98 0.74 0.63 1.68 2.06 3.33 17.01 -1.92 0.3592
Pedestrian 0 0 -10 959.88 779.72 988.30 843.36 0.66 0.72 1.70 0.36 6.11 42.23 3.01 0.3549
Cyclist 0 0 -10 844.29 764.97 986.68 902.38 0.97 1.92 1.75 -0.64 3.73 20.63 -0.05 0.5176
Car 0 0 -10 0.00 698.70 843.64 1216.00 1.89 4.64 1.58 -2.85 1.90 5.57 0.02 0.9125
Car 0 0 -10 422.20 778.50 834.46 933.05 1.80 4.27 1.44 -3.62 3.27 16.84 -0.03 0.8945
Car 0 0 -10 624.19 779.24 844.51 876.74 1.74 3.67 1.50 -3.98 4.34 26.65 -0.01 0.8483
Car 0 0 -10 727.07 779.50 870.32 842.53 1.76 3.76 1.49 -4.39 5.80 40.82 -0.03 0.6956
Car 0 0 -10 673.45 782.52 859.03 858.91 1.82 4.03 1.51 -4.42 5.22 34.30 -0.01 0.6468
Car 0 0 -10 224.70 749.31 820.24 1005.74 1.76 3.70 1.51 -2.92 2.46 10.57 -0.01 0.6104
Car 0 0 -10 1354.74 703.49 1936.00 1216.00 1.89 4.34 1.73 4.16 2.14 6.50 -0.11 0.5054
Car 0 0 -10 735.77 783.69 860.99 837.01 1.81 4.02 1.54 -5.39 6.93 49.84 -0.03 0.4827
Car 0 0 -10 515.58 776.04 787.25 899.02 1.74 3.51 1.50 -4.33 3.74 21.29 0.00 0.4509
