Pedestrian 0 0 -10 1537.77 796.63 1815.92 1154.99 0.84 0.82 1.28 2.95 2.05 6.25 -1.43 0.4141
Pedestrian 0 0 -10 976.80 777.22 1010.15 860.52 0.60 0.61 1.57 0.63 4.61 29.59 3.08 0.3067
Cyclist 0 0 -10 838.29 766.87 981.35 902.14 0.93 1.92 1.73 -0.69 3.74 20.66 0.03 0.3475
Car 0 0 -10 0.00 691.58 712.81 1216.00 1.83 4.07 1.49 -2.87 1.71 4.01 0.04 0.8143
Car 0 0 -10 570.81 773.10 829.01 880.57 1.83 3.99 1.52 -4.24 4.07 24.77 -0.03 0.7594
Car 0 0 -10 362.37 763.10 801.43 940.92 1.81 4.00 1.53 -3.72 3.02 15.19 -0.01 0.7409
Car 0 0 -10 661.71 788.24 843.64 868.39 1.77 3.69 1.47 -4.42 5.08 32.11 -0.03 0.7038
Car 0 0 -10 717.22 776.06 856.92 832.74 1.76 4.01 1.49 -5.20 6.13 44.98 -0.01 0.5330
Car 0 0 -10 47.20 746.51 784.62 1049.70 1.78 3.77 1.48 -3.04 2.28 8.94 -0.01 0.4788
Car 0 0 -10 1494.56 684.67 1936.00 1216.00 1.86 4.01 1.71 4.17 1.97 5.13 -0.13 0.4001
Car 0 0 -10 701.10 783.18 859.06 851.23 1.79 3.92 1.51 -4.64 5.71 38.71 -0.03 0.3278
