Pedestrian 0 0 -10 974.94 780.63 1007.49 860.29 0.56 0.58 1.53 0.60 4.70 30.18 3.02 0.3867
Pedestrian 0 0 -10 1486.19 771.67 1721.02 1104.92 0.77 0.79 1.35 2.91 2.07 6.86 -1.50 0.3765
Pedestrian 0 0 -10 258.62 769.57 426.16 1103.61 0.65 0.64 1.47 -2.99 2.21 7.28 -0.19 0.3100
Cyclist 0 0 -10 838.51 767.76 981.56 905.00 0.90 1.92 1.74 -0.72 3.76 20.63 -0.09 0.3710
Car 0 0 -10 384.46 770.96 806.59 937.23 1.76 3.98 1.46 -3.69 3.07 15.60 -0.01 0.8307
Car 0 0 -10 0.00 651.79 807.23 1216.00 1.93 4.52 1.66 -2.82 1.76 4.47 0.01 0.6936
Car 0 0 -10 673.27 780.43 847.87 859.69 1.75 3.64 1.51 -4.37 5.03 32.96 -0.02 0.6476
Car 0 0 -10 718.08 782.62 858.29 839.59 1.77 4.10 1.49 -5.21 6.38 45.43 -0.04 0.6358
Car 0 0 -10 582.64 769.41 831.94 874.84 1.81 4.00 1.56 -4.28 4.13 25.65 -0.03 0.6071
Car 0 0 -10 137.22 755.28 798.94 1041.55 1.77 3.63 1.47 -2.91 2.37 9.47 -0.03 0.5265
Car 0 0 -10 703.99 777.62 863.33 844.27 1.79 3.97 1.53 -4.64 5.65 39.44 0.01 0.4325
Car 0 0 -10 1421.54 687.96 1936.00 1216.00 1.87 4.13 1.72 4.07 2.00 5.50 -0.13 0.3342
