Pedestrian 0 0 -10 972.78 769.65 1015.13 866.27 0.64 0.70 1.67 0.59 4.35 27.29 3.04 0.4769
Pedestrian 0 0 -10 1038.22 775.26 1077.71 866.15 0.66 0.71 1.68 1.88 4.65 29.20 3.11 0.3188
Pedestrian 0 0 -10 1812.59 710.68 1936.00 1086.15 0.65 0.63 1.72 4.75 2.17 7.42 -0.20 0.3187
Cyclist 0 0 -10 803.49 752.93 947.90 892.99 0.92 1.91 1.75 -1.18 3.54 20.34 -0.12 0.5004
Car 0 0 -10 306.18 763.38 783.40 967.90 1.78 3.81 1.53 -3.58 2.86 13.41 -0.03 0.8635
Car 0 0 -10 0.00 651.27 658.85 1216.00 1.82 4.05 1.52 -2.77 1.58 2.75 0.01 0.8155
Car 0 0 -10 641.42 787.57 830.64 874.34 1.80 3.68 1.52 -4.58 4.98 30.81 -0.04 0.7126
Car 0 0 -10 689.30 790.71 850.21 861.27 1.78 3.82 1.51 -4.73 5.76 37.36 -0.02 0.6984
Car 0 0 -10 547.56 782.51 807.13 898.20 1.82 3.76 1.50 -4.31 4.05 23.19 -0.06 0.6980
Car 0 0 -10 696.59 794.72 847.50 855.30 1.81 4.18 1.51 -5.45 6.54 43.42 -0.02 0.6608
Car 0 0 -10 0.00 732.85 696.33 1114.74 1.79 3.97 1.49 -3.42 2.10 7.41 -0.05 0.6321
Car 0 0 -10 1666.00 619.88 1936.00 1216.00 1.89 4.14 1.78 4.10 1.77 3.36 -0.02 0.3424
