Pedestrian 0 0 -10 961.96 782.58 992.36 859.62 0.60 0.63 1.73 0.37 5.50 35.37 2.98 0.5222
Pedestrian 0 0 -10 974.83 773.85 1024.00 879.60 0.65 0.70 1.68 0.64 4.24 25.30 2.94 0.4292
Pedestrian 0 0 -10 1133.24 765.83 1232.28 946.99 0.76 0.64 1.61 2.12 3.00 14.33 1.35 0.3639
Pedestrian 0 0 -10 1011.02 779.08 1052.08 881.16 0.65 0.68 1.75 1.27 4.58 27.06 3.09 0.3609
Cyclist 0 0 -10 801.14 755.70 941.07 892.34 0.90 1.88 1.74 -1.24 3.59 20.58 -0.07 0.4208
Car 0 0 -10 628.69 784.71 828.57 876.03 1.77 3.68 1.50 -4.45 4.71 29.03 -0.05 0.8721
Car 0 0 -10 546.66 777.42 812.77 897.17 1.73 3.53 1.47 -3.98 3.76 21.54 -0.02 0.8215
Car 0 0 -10 230.56 752.51 770.87 981.66 1.77 3.80 1.53 -3.52 2.63 11.97 -0.02 0.7847
Car 0 0 -10 683.76 784.85 847.58 860.24 1.78 3.73 1.54 -4.61 5.46 35.68 -0.04 0.7478
Car 0 0 -10 0.00 721.66 691.63 1216.00 1.78 3.80 1.50 -3.07 1.92 5.61 -0.01 0.6416
Car 0 0 -10 696.22 791.64 839.12 853.34 1.77 3.86 1.47 -5.40 6.27 42.04 -0.05 0.6278
Car 0 0 -10 754.91 785.91 876.84 849.75 1.90 3.99 1.85 -4.85 7.37 50.14 -0.08 0.4811
Car 0 0 -10 1186.61 723.68 1936.00 1185.47 1.91 4.55 1.71 3.45 2.24 7.01 0.04 0.3718
