Pedestrian 0 0 -10 1182.97 807.33 1268.56 983.90 0.61 0.81 1.23 2.11 2.74 11.88 1.82 0.4186
Pedestrian 0 0 -10 1290.55 746.23 1547.89 1166.37 0.69 0.83 1.37 1.66 1.85 5.53 1.56 0.4177
Pedestrian 0 0 -10 973.29 771.08 1019.72 873.82 0.64 0.69 1.69 0.61 4.28 26.07 2.96 0.3339
Cyclist 0 0 -10 805.19 755.14 947.49 892.75 0.85 1.89 1.75 -1.14 3.56 20.29 -0.02 0.4081
Car 0 0 -10 232.33 732.88 797.70 962.30 1.85 4.28 1.65 -3.61 2.64 12.72 -0.03 0.8698
Car 0 0 -10 692.53 784.17 845.46 857.13 1.76 3.55 1.52 -4.62 5.49 36.29 -0.05 0.7582
Car 0 0 -10 632.02 783.93 825.48 873.65 1.79 3.65 1.52 -4.57 4.79 29.79 -0.05 0.7380
Car 0 0 -10 542.51 783.46 803.87 900.15 1.78 3.56 1.47 -4.20 3.92 22.22 -0.02 0.7075
Car 0 0 -10 757.65 782.20 873.76 840.97 1.86 3.84 1.73 -4.89 7.16 50.60 -0.06 0.6046
Car 0 0 -10 0.00 739.37 715.13 1173.47 1.77 3.68 1.47 -3.04 2.05 6.55 -0.04 0.5586
Car 0 0 -10 0.00 621.18 550.51 1216.00 1.82 4.05 1.50 -2.77 1.50 1.86 -0.04 0.5500
Car 0 0 -10 398.54 770.64 744.99 923.61 1.71 3.47 1.46 -4.28 3.18 16.82 -0.02 0.3633
