Pedestrian 0 0 -10 981.84 765.93 1031.96 875.94 0.62 0.70 1.66 0.72 3.93 23.78 2.99 0.3227
Cyclist 0 0 -10 811.41 761.45 951.73 896.53 0.92 1.90 1.75 -1.09 3.69 20.76 -0.01 0.4779
Car 0 0 -10 149.86 754.85 764.23 1009.96 1.79 3.78 1.50 -3.40 2.51 10.65 -0.01 0.8011
Car 0 0 -10 685.16 793.33 847.31 857.30 1.81 4.21 1.49 -5.26 6.19 40.76 -0.02 0.7825
Car 0 0 -10 617.78 781.16 827.88 876.51 1.78 3.70 1.52 -4.40 4.55 28.01 -0.04 0.7800
Car 0 0 -10 0.00 698.21 646.31 1216.00 1.80 3.95 1.49 -3.08 1.75 4.33 0.01 0.7342
Car 0 0 -10 521.51 779.09 803.03 907.95 1.76 3.51 1.48 -3.97 3.67 20.31 -0.03 0.7325
Car 0 0 -10 673.84 784.03 851.80 860.63 1.79 3.86 1.53 -4.51 5.28 34.41 -0.00 0.7192
Car 0 0 -10 1303.65 666.86 1936.00 1216.00 1.90 4.14 1.84 3.52 2.03 5.58 0.07 0.3844
Car 0 0 -10 749.36 780.88 876.83 840.04 1.85 4.04 1.68 -4.79 6.87 48.77 -0.04 0.3574
