Pedestrian 0 0 -10 1207.44 743.25 1347.64 994.33 0.80 0.64 1.67 2.25 2.54 10.68 1.41 0.3283
Pedestrian 0 0 -10 993.91 770.24 1043.98 886.76 0.62 0.65 1.67 0.87 3.91 22.67 2.99 0.3133
Pedestrian 0 0 -10 969.52 776.89 1006.18 858.04 0.67 0.73 1.69 0.58 5.09 32.99 3.03 0.3097
Pedestrian 0 0 -10 519.85 753.91 559.62 863.79 0.68 0.62 1.71 -6.95 3.87 24.66 2.88 0.3093
Cyclist 0 0 -10 830.23 756.81 977.83 897.22 0.95 1.92 1.77 -0.76 3.61 20.35 0.06 0.4496
Car 0 0 -10 104.04 752.99 767.55 1020.54 1.83 3.97 1.51 -3.42 2.48 10.36 -0.03 0.8593
Car 0 0 -10 0.00 696.03 623.79 1216.00 1.79 3.85 1.49 -3.02 1.72 3.97 -0.00 0.8206
Car 0 0 -10 622.69 777.61 837.57 870.96 1.75 3.70 1.49 -4.20 4.40 27.61 -0.01 0.8150
Car 0 0 -10 510.39 775.60 809.86 909.96 1.77 3.63 1.51 -3.89 3.59 19.79 -0.03 0.7045
Car 0 0 -10 687.90 783.44 863.01 859.48 1.75 3.76 1.49 -4.16 5.18 33.92 -0.01 0.6906
Car 0 0 -10 687.02 789.56 849.69 855.04 1.82 4.15 1.50 -5.11 6.01 40.00 -0.03 0.5755
Car 0 0 -10 39.72 763.90 267.61 836.90 1.68 4.30 1.45 -18.48 4.73 34.35 3.08 0.4751
Car 0 0 -10 747.31 781.73 879.01 839.84 1.85 4.11 1.62 -4.73 6.78 48.19 -0.04 0.4409
Car 0 0 -10 1359.91 672.82 1936.00 1216.00 1.92 4.23 1.83 3.68 2.02 4.86 -0.03 0.3713
