Pedestrian 0 0 -10 1020.17 762.20 1074.61 880.51 0.65 0.67 1.64 1.26 3.69 21.94 2.98 0.3427
Cyclist 0 0 -10 835.68 762.19 983.55 902.53 0.91 1.93 1.77 -0.69 3.70 20.43 0.08 0.4436
Cyclist 0 0 -10 1052.49 734.92 1112.75 860.92 0.80 1.98 1.80 1.94 3.65 24.12 1.57 0.3135
Car 0 0 -10 693.50 783.19 869.26 860.87 1.76 3.71 1.50 -3.95 5.11 33.28 -0.00 0.8066
Car 0 0 -10 632.81 776.81 851.05 873.35 1.74 3.63 1.48 -3.85 4.28 26.65 0.01 0.7473
Car 0 0 -10 53.37 751.14 744.50 1030.93 1.83 3.85 1.51 -3.48 2.41 9.81 -3.14 0.7338
Car 0 0 -10 505.45 771.72 831.49 913.60 1.84 3.81 1.54 -3.64 3.51 19.12 -0.01 0.6882
Car 0 0 -10 0.00 679.96 616.04 1216.00 1.80 3.96 1.50 -2.93 1.65 3.16 0.02 0.6099
Car 0 0 -10 701.44 784.18 863.66 849.52 1.80 4.08 1.49 -4.67 5.79 39.47 -0.01 0.6094
Car 0 0 -10 746.17 775.83 878.59 830.75 1.78 4.06 1.53 -4.70 6.42 47.59 -0.02 0.5291
Car 0 0 -10 0.00 764.39 160.31 862.26 1.82 4.39 1.60 -17.83 4.33 28.26 3.11 0.3142
