Pedestrian 0 0 -10 1386.25 769.89 1542.37 1049.88 0.82 0.85 1.43 2.93 2.32 8.71 -1.24 0.3365
Cyclist 0 0 -10 835.98 757.56 982.06 895.63 0.98 1.92 1.76 -0.70 3.65 20.72 0.08 0.5479
Car 0 0 -10 0.00 682.25 578.90 1216.00 1.78 3.85 1.50 -3.02 1.67 3.43 -0.02 0.7829
Car 0 0 -10 699.09 791.05 862.84 857.30 1.82 4.14 1.50 -4.71 6.00 39.54 -0.02 0.7764
Car 0 0 -10 73.61 755.18 740.76 1022.64 1.80 3.87 1.46 -3.53 2.43 10.12 -0.04 0.6926
Car 0 0 -10 605.65 772.47 837.96 872.04 1.83 3.94 1.56 -4.28 4.34 27.17 -0.01 0.6546
Car 0 0 -10 59.08 772.50 281.49 846.97 1.67 4.21 1.48 -18.12 4.97 34.39 3.09 0.5602
Car 0 0 -10 505.21 771.24 817.74 907.95 1.79 3.75 1.52 -3.82 3.52 19.55 -0.02 0.5298
Car 0 0 -10 675.56 778.63 856.57 858.32 1.80 3.80 1.55 -4.31 5.07 33.41 0.00 0.5032
Car 0 0 -10 745.38 774.90 881.77 833.46 1.85 4.23 1.64 -4.69 6.55 47.94 -0.03 0.4914
