Pedestrian 0 0 -10 1007.98 777.52 1049.31 878.20 0.62 0.69 1.77 1.24 4.62 27.64 3.05 0.3536
Pedestrian 0 0 -10 958.62 777.33 990.65 852.30 0.67 0.67 1.71 0.32 5.42 36.00 2.99 0.3054
Cyclist 0 0 -10 936.26 746.47 1054.33 856.23 0.84 2.01 1.78 0.60 3.93 25.88 -3.07 0.3432
Car 0 0 -10 690.61 787.32 849.26 859.67 1.77 3.65 1.50 -4.57 5.52 36.10 -0.03 0.8769
Car 0 0 -10 628.96 785.61 828.31 876.87 1.83 3.73 1.52 -4.53 4.81 29.56 -0.06 0.8587
Car 0 0 -10 0.00 737.81 691.07 1212.65 1.77 3.66 1.48 -3.07 2.01 6.05 -0.03 0.7901
Car 0 0 -10 202.44 737.12 782.94 968.03 1.84 4.25 1.61 -3.69 2.62 12.40 -0.04 0.7804
Car 0 0 -10 542.15 781.41 802.74 900.98 1.78 3.50 1.49 -4.16 3.88 21.93 -0.02 0.7287
Car 0 0 -10 753.43 785.41 876.01 851.10 1.99 4.02 1.91 -4.91 7.43 50.28 -0.08 0.6494
Car 0 0 -10 701.31 787.85 835.94 848.58 1.77 3.70 1.50 -5.50 6.29 43.02 -0.04 0.3509
Car 0 0 -10 1209.59 714.27 1936.00 1153.96 1.87 4.18 1.79 3.46 2.31 7.58 0.06 0.3386
