Pedestrian 0 0 -10 971.87 768.61 1018.18 866.73 0.67 0.73 1.67 0.61 4.31 27.04 2.99 0.3307
Pedestrian 0 0 -10 1177.34 804.34 1257.79 968.05 0.61 0.88 1.20 2.13 2.76 12.48 -1.46 0.3066
Cyclist 0 0 -10 803.91 753.89 947.86 892.25 0.91 1.90 1.77 -1.14 3.57 20.41 0.01 0.3895
Cyclist 0 0 -10 1140.73 798.15 1235.89 881.36 0.74 1.92 1.67 4.89 5.46 32.26 3.07 0.3771
Car 0 0 -10 292.03 750.37 769.13 960.58 1.75 3.68 1.55 -3.61 2.72 13.06 -0.03 0.7946
Car 0 0 -10 544.26 773.34 804.18 889.92 1.78 3.68 1.51 -4.30 3.88 22.84 -0.04 0.7734
Car 0 0 -10 686.32 787.14 848.20 857.98 1.78 3.85 1.49 -4.74 5.61 36.98 -0.05 0.7467
Car 0 0 -10 0.00 654.78 643.12 1216.00 1.81 4.12 1.49 -2.78 1.56 2.45 0.01 0.7312
Car 0 0 -10 642.90 785.31 831.10 873.12 1.79 3.65 1.52 -4.52 4.90 30.53 -0.06 0.7225
Car 0 0 -10 0.00 737.26 747.22 1125.42 1.78 3.83 1.47 -3.05 2.09 7.19 -0.03 0.6468
Car 0 0 -10 699.02 793.87 843.49 853.76 1.78 4.02 1.47 -5.46 6.48 43.32 -0.05 0.6404
Car 0 0 -10 758.68 781.47 873.54 840.82 1.84 3.83 1.76 -4.93 7.22 51.06 -0.07 0.5190
Car 0 0 -10 312.77 764.96 478.03 823.78 1.72 4.11 1.47 -16.18 5.58 42.91 3.08 0.3004
