Pedestrian 0 0 -10 212.58 749.18 267.08 887.69 0.52 0.60 1.63 -9.03 3.22 18.71 -2.18 0.4472
Pedestrian 0 0 -10 1022.37 781.18 1066.22 888.65 0.63 0.64 1.76 1.43 4.50 25.88 2.99 0.3625
Pedestrian 0 0 -10 984.21 770.39 1031.06 881.05 0.62 0.65 1.68 0.74 4.05 24.02 2.98 0.3486
Pedestrian 0 0 -10 966.28 777.45 997.96 858.23 0.62 0.65 1.76 0.47 5.29 34.25 3.03 0.3479
Cyclist 0 0 -10 801.99 753.85 947.56 893.36 0.91 1.92 1.75 -1.16 3.54 20.23 -0.05 0.3666
Car 0 0 -10 617.27 785.30 819.63 878.66 1.76 3.60 1.50 -4.52 4.63 28.23 -0.05 0.8676
Car 0 0 -10 678.22 785.82 853.64 861.97 1.80 3.85 1.52 -4.47 5.35 34.67 -0.02 0.8532
Car 0 0 -10 171.61 758.11 762.21 998.63 1.81 3.89 1.49 -3.55 2.59 11.33 -0.03 0.8238
Car 0 0 -10 535.09 782.13 815.68 908.21 1.77 3.57 1.48 -3.88 3.76 20.74 -0.01 0.8211
Car 0 0 -10 686.56 790.56 843.81 854.09 1.79 4.11 1.49 -5.32 6.12 40.92 -0.03 0.7877
Car 0 0 -10 0.00 719.68 642.07 1216.00 1.76 3.70 1.47 -3.06 1.83 4.77 0.01 0.7042
Car 0 0 -10 1263.23 690.31 1936.00 1216.00 1.87 4.11 1.78 3.45 2.10 6.14 0.06 0.5760
Car 0 0 -10 746.03 778.51 880.12 835.63 1.86 4.29 1.63 -4.82 6.77 49.11 -0.05 0.4085
