Pedestrian 0 0 -10 963.27 775.00 995.77 854.11 0.67 0.71 1.75 0.42 5.27 34.75 3.08 0.4182
Cyclist 0 0 -10 808.67 753.05 947.91 888.86 0.90 1.88 1.75 -1.14 3.57 20.70 -0.03 0.3633
Cyclist 0 0 -10 943.03 748.94 1063.72 860.98 0.82 1.95 1.75 0.68 3.84 24.76 3.11 0.3227
Car 0 0 -10 172.91 753.01 757.76 994.52 1.80 3.93 1.54 -3.64 2.61 11.54 -0.03 0.8758
Car 0 0 -10 614.89 783.03 821.22 873.76 1.76 3.71 1.47 -4.58 4.60 28.58 -0.04 0.8571
Car 0 0 -10 687.34 780.02 852.61 853.46 1.76 3.68 1.49 -4.44 5.23 35.12 -0.02 0.7481
Car 0 0 -10 0.00 723.40 677.96 1216.00 1.76 3.87 1.47 -3.08 1.88 5.25 -0.02 0.6789
Car 0 0 -10 539.03 782.19 822.40 906.54 1.79 3.71 1.47 -3.87 3.80 21.12 -0.03 0.6582
Car 0 0 -10 751.01 782.72 877.46 844.91 1.88 4.05 1.81 -4.84 7.16 49.63 -0.02 0.6433
Car 0 0 -10 1234.47 723.19 1936.00 1216.00 1.86 4.21 1.66 3.42 2.15 6.46 0.05 0.4220
