Pedestrian 0 0 -10 1027.35 761.93 1084.38 887.23 0.62 0.68 1.65 1.32 3.60 20.90 2.99 0.4852
Pedestrian 0 0 -10 1000.17 776.09 1037.29 863.18 0.67 0.71 1.71 1.19 4.88 30.99 3.08 0.4607
Cyclist 0 0 -10 839.98 763.23 980.38 897.81 0.88 1.89 1.73 -0.69 3.68 20.61 0.00 0.4401
Car 0 0 -10 694.01 775.74 872.06 855.18 1.75 3.62 1.49 -3.81 4.84 32.37 0.02 0.6598
Car 0 0 -10 623.21 773.48 852.89 874.91 1.75 3.70 1.52 -3.82 4.20 26.03 0.03 0.6431
Car 0 0 -10 34.39 760.07 784.58 1067.97 1.81 3.84 1.50 -3.09 2.39 8.99 0.01 0.6314
Car 0 0 -10 763.41 775.42 886.84 830.86 1.74 3.74 1.50 -4.20 6.29 46.57 -0.03 0.5860
Car 0 0 -10 0.00 645.62 547.40 1216.00 1.80 4.01 1.51 -2.90 1.56 2.33 0.01 0.5140
Car 0 0 -10 483.13 768.35 814.91 912.38 1.77 3.70 1.49 -3.71 3.33 18.23 -0.02 0.4582
Car 0 0 -10 702.82 780.53 863.67 848.39 1.78 3.92 1.52 -4.55 5.63 38.62 0.01 0.4236
Car 0 0 -10 964.51 800.23 1101.89 859.20 1.85 4.22 1.60 2.25 7.29 47.55 -0.04 0.3349
