Pedestrian 0 0 -10 1043.36 781.62 1092.02 882.69 0.63 0.72 1.68 1.88 4.49 26.44 2.95 0.4448
Pedestrian 0 0 -10 1100.51 747.83 1168.18 904.71 0.65 0.64 1.63 1.90 3.01 16.44 3.09 0.3303
Cyclist 0 0 -10 883.67 756.51 1025.10 891.53 0.91 1.92 1.74 -0.08 3.61 20.74 0.05 0.5002
Cyclist 0 0 -10 1141.43 727.72 1218.00 900.91 0.82 2.04 1.84 2.63 3.16 18.17 1.67 0.3081
Car 0 0 -10 462.89 775.55 842.89 951.86 1.72 3.43 1.48 -2.97 3.07 14.93 0.00 0.8910
Car 0 0 -10 0.00 727.45 710.85 1216.00 1.80 4.10 1.48 -3.10 1.91 5.37 -0.00 0.8738
Car 0 0 -10 611.50 787.27 892.60 901.28 1.81 4.01 1.46 -3.10 4.03 22.73 0.01 0.7796
Car 0 0 -10 696.51 782.34 910.97 873.41 1.82 3.98 1.52 -3.00 4.68 29.08 0.00 0.7559
Car 0 0 -10 781.99 792.83 935.01 856.52 1.84 4.27 1.59 -2.96 6.60 43.65 0.05 0.6901
Car 0 0 -10 739.14 807.05 903.64 875.95 1.77 3.87 1.43 -3.38 6.01 36.69 -0.00 0.4647
Car 0 0 -10 1275.38 707.63 1936.00 1216.00 1.86 4.13 1.73 3.50 2.11 5.93 0.02 0.3581
