Pedestrian 0 0 -10 1023.06 763.76 1082.16 885.86 0.63 0.71 1.64 1.30 3.65 21.30 2.97 0.4534
Pedestrian 0 0 -10 997.98 780.87 1031.25 862.23 0.63 0.66 1.63 1.12 4.94 31.46 3.12 0.3044
Cyclist 0 0 -10 834.05 758.79 978.68 897.40 0.90 1.92 1.76 -0.74 3.62 20.36 -0.02 0.3936
Car 0 0 -10 6.76 744.92 751.11 1043.96 1.82 3.90 1.51 -3.37 2.33 9.25 3.13 0.7595
Car 0 0 -10 696.60 781.57 868.61 861.46 1.74 3.56 1.52 -3.87 5.05 32.80 0.00 0.7527
Car 0 0 -10 0.00 646.02 560.28 1216.00 1.81 4.09 1.50 -2.97 1.55 2.53 0.02 0.4771
Car 0 0 -10 702.83 778.37 862.21 845.45 1.79 3.98 1.49 -4.58 5.57 38.73 -0.04 0.4347
Car 0 0 -10 493.45 759.67 832.07 909.22 1.83 3.94 1.64 -3.68 3.43 18.97 -0.01 0.4076
Car 0 0 -10 953.69 796.12 1074.90 854.28 1.75 3.57 1.50 1.58 6.74 44.89 0.03 0.3582
Car 0 0 -10 618.08 769.82 850.50 878.05 1.83 3.77 1.64 -3.94 4.30 26.40 0.05 0.3535
