Pedestrian 0 0 -10 1042.30 779.66 1087.18 879.34 0.64 0.71 1.71 1.87 4.55 27.07 3.05 0.3935
Pedestrian 0 0 -10 1126.00 787.37 1181.02 917.15 0.68 0.62 1.67 2.60 3.91 20.31 1.60 0.3648
Pedestrian 0 0 -10 1072.45 765.14 1139.57 918.53 0.63 0.66 1.65 1.64 3.28 17.04 3.07 0.3312
Pedestrian 0 0 -10 1106.99 768.47 1199.01 997.27 0.72 0.61 1.68 1.50 2.84 11.79 3.10 0.3101
Cyclist 0 0 -10 878.56 755.98 1021.20 891.99 0.98 1.92 1.75 -0.14 3.62 20.82 0.06 0.4644
Car 0 0 -10 460.80 783.81 846.74 959.58 1.77 3.57 1.50 -3.02 3.21 15.23 0.00 0.8762
Car 0 0 -10 706.09 783.84 902.83 873.19 1.79 3.71 1.52 -3.04 4.76 29.60 -0.00 0.8671
Car 0 0 -10 0.00 723.73 714.23 1215.04 1.78 3.89 1.53 -3.06 1.98 5.90 0.00 0.8507
Car 0 0 -10 620.63 781.33 884.27 896.48 1.80 3.87 1.54 -3.18 4.07 23.34 -0.00 0.7363
Car 0 0 -10 747.41 800.91 899.69 867.32 1.77 3.72 1.43 -3.44 6.00 37.90 -0.01 0.6506
Car 0 0 -10 777.07 796.48 911.35 856.58 1.80 3.81 1.50 -3.38 6.62 43.67 -0.02 0.5049
Car 0 0 -10 1250.08 718.67 1936.00 1216.00 1.90 4.42 1.72 3.58 2.21 6.58 0.12 0.5033
