Pedestrian 0 0 -10 1120.40 776.53 1180.87 909.73 0.72 0.58 1.76 2.63 3.90 20.77 1.48 0.4144
Pedestrian 0 0 -10 1065.08 762.85 1130.03 914.62 0.62 0.65 1.69 1.60 3.34 17.58 3.04 0.3586
Pedestrian 0 0 -10 444.51 775.83 554.37 968.42 0.66 0.66 1.40 -3.61 2.62 11.73 -1.58 0.3505
Cyclist 0 0 -10 879.64 753.82 1022.63 889.43 0.89 1.88 1.73 -0.12 3.57 20.71 0.12 0.3880
Car 0 0 -10 0.00 721.58 712.28 1189.58 1.78 3.83 1.53 -3.09 1.99 6.18 -0.01 0.9090
Car 0 0 -10 466.71 781.67 842.91 948.88 1.77 3.64 1.48 -3.13 3.23 15.84 -0.02 0.8569
Car 0 0 -10 703.13 782.32 903.42 870.10 1.83 3.86 1.52 -3.12 4.79 30.14 -0.01 0.7944
Car 0 0 -10 623.03 779.75 891.61 891.74 1.82 4.01 1.52 -3.15 4.07 23.70 -0.00 0.7025
Car 0 0 -10 739.37 797.54 877.99 864.31 1.74 3.39 1.48 -3.90 6.04 38.63 0.01 0.5654
Car 0 0 -10 1248.51 734.96 1936.00 1186.59 1.85 4.07 1.65 3.52 2.25 7.10 0.09 0.5220
