Pedestrian 0 0 -10 1009.07 779.17 1043.58 870.32 0.63 0.63 1.70 1.27 4.75 29.25 3.10 0.3450
Pedestrian 0 0 -10 455.17 757.63 507.54 890.56 0.59 0.60 1.64 -6.26 3.41 19.53 2.92 0.3380
Cyclist 0 0 -10 850.09 745.95 993.85 882.98 0.87 1.92 1.75 -0.53 3.44 20.37 -0.01 0.3504
Car 0 0 -10 0.00 745.65 767.60 1112.97 1.80 3.90 1.49 -3.05 2.18 7.59 0.00 0.8566
Car 0 0 -10 706.66 787.77 894.58 872.79 1.77 3.70 1.52 -3.30 5.02 31.19 0.02 0.8201
Car 0 0 -10 497.03 779.94 848.88 934.18 1.79 3.67 1.48 -3.19 3.34 17.07 0.00 0.7851
Car 0 0 -10 716.78 789.48 890.73 859.53 1.81 4.18 1.52 -3.91 5.75 37.58 0.00 0.7569
Car 0 0 -10 615.42 780.19 860.70 886.03 1.78 3.73 1.48 -3.63 4.15 24.73 0.05 0.5623
Car 0 0 -10 779.36 780.85 906.76 840.76 1.80 3.77 1.58 -3.54 6.41 45.33 -0.03 0.5416
Car 0 0 -10 1329.53 666.46 1936.00 1216.00 1.94 4.33 1.82 3.53 1.98 4.50 -0.03 0.3098
