Pedestrian 0 0 -10 1080.98 754.13 1149.47 898.33 0.65 0.69 1.67 1.88 3.28 18.32 2.97 0.4435
Pedestrian 0 0 -10 1745.97 745.16 1936.00 1216.00 0.67 0.74 1.49 2.86 1.88 4.49 -1.45 0.3474
Cyclist 0 0 -10 856.99 751.76 998.48 885.10 0.85 1.91 1.73 -0.46 3.51 20.61 -0.01 0.3004
Car 0 0 -10 0.00 726.38 751.01 1165.84 1.81 3.98 1.54 -3.03 2.05 6.62 -0.02 0.8741
Car 0 0 -10 700.10 777.45 904.58 862.75 1.82 3.97 1.50 -3.17 4.69 30.43 -0.00 0.8210
Car 0 0 -10 628.98 777.09 883.42 882.75 1.75 3.81 1.44 -3.21 3.97 23.93 0.02 0.7777
Car 0 0 -10 467.54 775.61 839.92 938.91 1.75 3.67 1.49 -3.21 3.21 16.16 -0.00 0.6995
Car 0 0 -10 776.91 786.40 910.96 849.35 1.81 3.90 1.61 -3.48 6.54 44.57 -0.06 0.4871
Car 0 0 -10 1181.18 701.21 1936.00 1154.38 1.96 4.58 1.86 3.50 2.32 7.73 0.09 0.4735
Car 0 0 -10 740.64 795.89 907.36 865.97 1.78 3.98 1.49 -3.35 5.83 37.05 -0.01 0.4090
