Pedestrian 0 0 -10 1172.95 749.12 1279.29 974.66 0.67 0.73 1.67 2.08 2.68 11.81 -3.13 0.4311
Pedestrian 0 0 -10 1148.77 752.05 1235.73 950.77 0.65 0.67 1.72 2.11 2.91 13.71 3.09 0.4090
Pedestrian 0 0 -10 1098.30 776.82 1158.27 905.72 0.65 0.68 1.74 2.39 3.95 21.43 2.93 0.3846
Cyclist 0 0 -10 900.70 758.35 1043.56 894.34 0.92 1.93 1.75 0.16 3.64 20.69 0.03 0.4580
Car 0 0 -10 682.10 785.92 927.13 890.11 1.77 3.95 1.51 -2.62 4.37 25.59 0.04 0.9324
Car 0 0 -10 564.71 782.32 882.94 919.92 1.75 3.72 1.46 -2.94 3.56 19.02 0.05 0.7782
Car 0 0 -10 319.95 770.24 827.31 1007.81 1.75 3.40 1.46 -2.77 2.65 11.28 -0.03 0.7236
Car 0 0 -10 795.34 779.09 955.75 852.89 1.87 4.10 1.71 -2.24 5.91 39.81 0.04 0.5703
Car 0 0 -10 826.92 775.40 956.92 831.16 1.77 3.88 1.50 -2.12 6.27 46.47 0.05 0.4785
Car 0 0 -10 712.53 788.88 904.44 869.56 1.77 3.91 1.48 -3.25 5.13 32.32 0.05 0.4189
Car 0 0 -10 0.00 629.58 484.29 1216.00 1.78 3.83 1.50 -2.88 1.51 2.10 0.03 0.3514
