Pedestrian 0 0 -10 1185.96 741.31 1300.53 981.04 0.68 0.72 1.70 2.12 2.61 11.31 3.12 0.5523
Pedestrian 0 0 -10 1327.77 803.98 1432.68 1025.62 0.63 0.84 1.30 2.83 2.56 10.06 -1.24 0.4202
Pedestrian 0 0 -10 1158.83 745.23 1248.88 950.64 0.65 0.68 1.72 2.14 2.81 13.23 3.12 0.4110
Pedestrian 0 0 -10 1089.03 773.26 1143.60 898.65 0.63 0.68 1.66 2.16 3.76 20.88 3.11 0.3288
Cyclist 0 0 -10 894.55 759.25 1036.08 894.36 0.90 1.93 1.75 0.06 3.67 20.83 0.02 0.5112
Car 0 0 -10 671.06 787.14 924.99 892.42 1.80 4.05 1.50 -2.69 4.35 25.28 0.04 0.8900
Car 0 0 -10 562.77 786.30 885.54 925.32 1.75 3.70 1.44 -2.88 3.56 18.70 0.06 0.6662
Car 0 0 -10 800.02 792.96 955.83 862.53 1.80 3.90 1.55 -2.16 6.11 39.52 0.08 0.6592
Car 0 0 -10 295.02 771.74 833.67 1013.75 1.79 3.55 1.46 -2.78 2.64 11.11 -0.03 0.6306
Car 0 0 -10 826.07 778.61 954.29 834.97 1.77 3.80 1.50 -2.16 6.34 46.11 0.05 0.4761
Car 0 0 -10 711.99 791.91 906.37 873.39 1.78 3.96 1.49 -3.22 5.18 32.15 0.03 0.4606
Car 0 0 -10 0.00 721.69 623.51 1174.58 1.73 3.70 1.50 -3.44 1.96 6.29 -0.05 0.4445
Car 0 0 -10 259.22 789.35 432.92 851.70 1.68 4.06 1.47 -16.78 6.07 40.92 3.12 0.3836
