Pedestrian 0 0 -10 1128.81 755.73 1202.50 927.93 0.63 0.65 1.66 2.07 3.02 15.21 3.12 0.5471
Pedestrian 0 0 -10 1150.49 745.51 1241.78 947.55 0.67 0.65 1.69 2.09 2.80 13.34 3.03 0.3957
Pedestrian 0 0 -10 1803.03 761.84 1934.19 969.04 0.67 0.66 1.51 7.24 2.64 11.94 -2.11 0.3041
Cyclist 0 0 -10 901.66 759.18 1043.59 893.47 0.87 1.93 1.74 0.15 3.64 20.73 -0.01 0.4765
Car 0 0 -10 698.52 789.30 931.71 888.53 1.81 3.96 1.50 -2.55 4.54 26.73 0.03 0.9133
Car 0 0 -10 579.69 784.53 892.90 912.95 1.79 3.93 1.45 -2.95 3.71 20.21 0.03 0.7726
Car 0 0 -10 0.00 664.42 593.75 1216.00 1.81 4.01 1.50 -2.93 1.60 2.82 0.03 0.6375
Car 0 0 -10 354.87 761.13 841.72 975.00 1.77 3.70 1.52 -2.96 2.76 12.75 0.03 0.6144
Car 0 0 -10 828.13 779.84 959.56 835.19 1.80 4.05 1.53 -2.12 6.58 47.82 0.05 0.5209
Car 0 0 -10 714.94 795.28 913.41 874.15 1.80 4.17 1.47 -3.21 5.37 33.19 0.04 0.4303
Car 0 0 -10 0.00 749.76 242.97 845.39 1.79 4.39 1.55 -16.02 3.96 27.88 3.09 0.3512
Car 0 0 -10 784.73 794.36 939.29 864.50 1.82 3.99 1.63 -2.68 6.39 40.94 0.09 0.3194
