Pedestrian 0 0 -10 1061.08 779.23 1113.35 890.35 0.63 0.75 1.68 2.00 4.17 23.83 3.09 0.4000
Pedestrian 0 0 -10 1143.38 752.52 1231.09 944.31 0.65 0.66 1.68 2.09 2.89 13.92 3.04 0.3625
Pedestrian 0 0 -10 1118.18 765.13 1185.13 933.32 0.63 0.61 1.70 2.03 3.23 15.96 3.10 0.3415
Cyclist 0 0 -10 888.49 758.47 1029.30 892.74 0.86 1.91 1.73 -0.05 3.63 20.75 -0.06 0.4337
Car 0 0 -10 700.42 789.06 928.01 886.41 1.83 3.95 1.50 -2.61 4.60 27.26 0.02 0.9111
Car 0 0 -10 583.05 783.33 894.73 908.31 1.80 4.06 1.47 -3.00 3.77 20.78 0.00 0.8753
Car 0 0 -10 392.12 761.92 855.41 961.93 1.76 3.74 1.51 -2.88 2.81 13.34 0.00 0.6631
Car 0 0 -10 831.66 781.18 956.93 836.16 1.79 3.92 1.54 -2.14 6.71 48.50 0.04 0.6551
Car 0 0 -10 786.90 799.15 934.51 864.05 1.79 3.86 1.51 -2.74 6.44 41.31 0.07 0.6267
Car 0 0 -10 0.00 688.78 584.83 1216.00 1.77 3.81 1.49 -3.00 1.68 3.49 -0.02 0.4093
Car 0 0 -10 720.29 795.75 913.06 873.91 1.79 4.09 1.47 -3.18 5.40 33.40 0.04 0.3683
Car 0 0 -10 273.28 777.15 445.81 836.16 1.68 4.16 1.45 -16.81 5.80 41.91 3.14 0.3064
