Pedestrian 0 0 -10 1049.39 779.37 1100.32 887.25 0.67 0.74 1.72 1.91 4.37 25.27 3.01 0.4931
Pedestrian 0 0 -10 1116.83 748.32 1194.59 916.73 0.66 0.68 1.66 2.03 2.98 15.64 3.05 0.3829
Pedestrian 0 0 -10 1282.22 724.38 1416.07 990.54 0.73 0.59 1.79 2.78 2.53 10.74 1.31 0.3211
Cyclist 0 0 -10 886.53 762.08 1028.75 896.17 0.93 1.94 1.74 -0.04 3.70 20.88 0.02 0.5647
Car 0 0 -10 0.00 706.29 689.26 1216.00 1.79 3.94 1.51 -2.99 1.81 4.71 0.00 0.9118
Car 0 0 -10 421.30 769.48 838.39 961.36 1.73 3.54 1.52 -3.02 2.98 14.13 0.02 0.8640
Car 0 0 -10 623.14 779.69 891.02 895.99 1.75 3.67 1.45 -2.92 3.81 21.92 0.01 0.7190
Car 0 0 -10 790.52 801.33 928.33 864.42 1.78 3.76 1.54 -2.88 6.70 42.80 0.04 0.6896
Car 0 0 -10 696.98 776.33 904.85 868.90 1.80 3.79 1.52 -2.99 4.49 28.47 -0.02 0.6830
Car 0 0 -10 738.90 803.98 904.87 872.44 1.74 3.90 1.43 -3.39 5.95 36.84 0.02 0.4558
Car 0 0 -10 272.32 779.40 441.43 836.65 1.69 4.20 1.44 -17.42 6.00 43.22 -3.13 0.3780
