Pedestrian 0 0 -10 1123.17 759.25 1208.10 937.73 0.66 0.70 1.68 2.04 3.06 14.99 3.03 0.4988
Pedestrian 0 0 -10 1054.54 778.43 1104.40 888.89 0.64 0.72 1.72 1.94 4.28 24.61 3.05 0.4800
Cyclist 0 0 -10 888.65 758.67 1030.02 893.39 0.93 1.93 1.75 -0.04 3.65 20.83 -0.02 0.5464
Cyclist 0 0 -10 571.42 744.41 704.36 859.31 0.72 1.92 1.71 -5.05 3.61 23.41 -3.13 0.3036
Car 0 0 -10 403.25 767.30 832.66 962.29 1.74 3.54 1.50 -3.02 2.89 13.69 -0.00 0.8185
Car 0 0 -10 0.00 692.95 675.85 1216.00 1.82 4.07 1.50 -2.99 1.73 4.03 0.02 0.7972
Car 0 0 -10 701.23 787.65 922.92 881.42 1.79 3.96 1.50 -2.73 4.64 27.99 0.01 0.7455
Car 0 0 -10 608.03 782.54 889.05 903.20 1.76 3.76 1.46 -2.99 3.84 21.57 0.04 0.6452
Car 0 0 -10 789.98 803.03 929.82 867.37 1.77 3.71 1.52 -2.81 6.64 41.93 0.07 0.5407
Car 0 0 -10 721.41 792.90 907.96 866.67 1.79 4.13 1.46 -3.34 5.45 34.60 0.01 0.5387
Car 0 0 -10 831.30 794.24 943.94 847.50 1.72 3.60 1.52 -2.38 7.17 49.05 0.01 0.4608
Car 0 0 -10 1300.56 668.91 1936.00 1216.00 1.95 4.39 1.87 3.56 2.04 5.00 -0.02 0.3845
Car 0 0 -10 256.14 771.45 432.79 830.79 1.71 4.28 1.46 -17.37 5.69 42.22 -3.11 0.3580
Car 0 0 -10 342.04 778.67 499.53 831.43 1.73 4.33 1.45 -16.97 6.38 47.07 -3.13 0.3364
