Pedestrian 0 0 -10 1130.86 754.30 1216.15 934.77 0.66 0.69 1.65 2.05 2.93 14.52 3.07 0.5700
Pedestrian 0 0 -10 1107.16 748.16 1172.67 909.58 0.64 0.63 1.68 1.95 3.05 16.37 3.13 0.3707
Pedestrian 0 0 -10 1414.79 707.77 1587.78 1044.90 0.73 0.60 1.74 2.94 2.22 8.19 1.57 0.3687
Pedestrian 0 0 -10 1056.25 772.74 1108.04 882.25 0.67 0.77 1.70 1.97 4.15 24.45 3.11 0.3431
Pedestrian 0 0 -10 322.69 768.91 485.21 1029.61 0.78 0.65 1.49 -3.42 2.41 9.24 -1.61 0.3250
Pedestrian 0 0 -10 1650.32 722.28 1821.80 1041.60 0.66 0.64 1.76 4.53 2.35 8.78 -1.66 0.3144
Cyclist 0 0 -10 888.18 759.45 1031.88 895.23 0.94 1.95 1.76 -0.02 3.67 20.78 -0.01 0.5757
Cyclist 0 0 -10 1010.10 754.76 1137.85 872.11 0.85 2.03 1.77 1.83 3.92 24.22 -3.04 0.3300
Car 0 0 -10 704.66 784.99 933.40 883.11 1.84 4.01 1.54 -2.57 4.61 27.66 0.03 0.8667
Car 0 0 -10 592.23 782.95 888.98 902.81 1.77 3.91 1.42 -3.05 3.77 21.22 0.04 0.7692
Car 0 0 -10 402.42 754.07 839.06 954.36 1.72 3.55 1.54 -2.95 2.78 13.50 -0.00 0.6832
Car 0 0 -10 0.00 697.03 648.77 1216.00 1.80 4.06 1.49 -3.01 1.72 3.83 -0.02 0.6238
Car 0 0 -10 829.73 785.11 945.50 839.40 1.73 3.63 1.53 -2.36 6.83 48.55 0.03 0.4706
Car 0 0 -10 794.74 796.97 931.93 860.30 1.76 3.65 1.51 -2.71 6.44 41.91 0.06 0.4341
Car 0 0 -10 725.37 791.00 913.35 866.63 1.81 4.14 1.49 -3.21 5.41 34.41 0.01 0.3192
Car 0 0 -10 1285.78 677.57 1936.00 1216.00 1.95 4.41 1.85 3.55 2.07 5.14 -0.04 0.3105
