Pedestrian 0 0 -10 1151.58 747.99 1251.03 955.37 0.68 0.70 1.70 2.09 2.81 13.08 3.02 0.4735
Pedestrian 0 0 -10 1142.89 787.73 1193.32 905.07 0.69 0.65 1.74 3.23 4.32 23.41 -1.59 0.4535
Pedestrian 0 0 -10 1126.35 764.41 1209.35 943.85 0.65 0.72 1.68 2.05 3.10 14.88 3.11 0.4283
Pedestrian 0 0 -10 1088.33 777.87 1146.39 900.97 0.66 0.71 1.75 2.36 4.11 22.67 2.95 0.3699
Cyclist 0 0 -10 900.01 760.51 1042.83 896.42 0.91 1.92 1.75 0.16 3.68 20.80 0.08 0.5043
Car 0 0 -10 694.35 784.98 934.57 885.58 1.83 4.04 1.51 -2.54 4.46 26.56 0.03 0.9219
Car 0 0 -10 577.45 788.57 893.40 916.87 1.78 3.90 1.41 -2.93 3.71 19.97 0.05 0.7861
Car 0 0 -10 368.04 761.04 847.09 977.35 1.73 3.57 1.51 -2.80 2.72 12.43 0.00 0.7643
Car 0 0 -10 0.00 646.85 585.66 1216.00 1.81 4.09 1.51 -2.93 1.56 2.57 0.03 0.6596
Car 0 0 -10 825.97 782.14 954.98 836.49 1.78 3.94 1.48 -2.21 6.58 47.45 0.05 0.5910
Car 0 0 -10 716.82 792.79 907.37 873.01 1.79 3.95 1.49 -3.22 5.29 32.84 0.04 0.5601
Car 0 0 -10 783.22 790.94 939.22 864.85 1.88 4.03 1.72 -2.69 6.38 40.82 0.07 0.4293
Car 0 0 -10 1581.50 663.20 1936.00 1216.00 1.87 4.17 1.70 4.09 1.83 3.89 -0.05 0.3057
