Pedestrian 0 0 -10 1043.30 780.04 1090.30 884.15 0.63 0.65 1.70 1.82 4.42 25.88 2.91 0.3985
Pedestrian 0 0 -10 1138.14 778.55 1198.93 917.05 0.71 0.61 1.72 2.70 3.76 19.55 1.56 0.3971
Pedestrian 0 0 -10 1105.11 761.33 1179.94 919.21 0.64 0.66 1.61 1.96 3.13 16.26 3.00 0.3174
Cyclist 0 0 -10 884.76 755.75 1026.59 890.92 0.92 1.91 1.75 -0.06 3.62 20.87 0.07 0.4927
Car 0 0 -10 0.00 711.07 713.07 1216.00 1.79 3.92 1.53 -3.00 1.89 5.35 0.01 0.8896
Car 0 0 -10 437.08 777.64 845.03 954.90 1.74 3.62 1.45 -3.04 3.04 14.70 0.02 0.8782
Car 0 0 -10 615.67 781.32 903.08 894.84 1.79 4.05 1.44 -2.95 3.89 22.49 0.02 0.8070
Car 0 0 -10 692.64 780.42 913.49 870.54 1.85 4.07 1.49 -3.00 4.60 28.95 0.01 0.7835
Car 0 0 -10 787.92 799.86 928.99 861.42 1.77 3.87 1.50 -2.94 6.69 43.31 0.07 0.6274
Car 0 0 -10 745.55 801.16 902.88 867.94 1.73 3.78 1.42 -3.38 5.93 37.34 -0.00 0.4594
Car 0 0 -10 275.89 779.01 442.60 836.46 1.73 4.16 1.45 -17.49 6.03 43.55 -3.11 0.3604
Car 0 0 -10 1270.86 694.34 1936.00 1216.00 1.88 4.21 1.79 3.51 2.11 5.92 0.02 0.3507
