Pedestrian 0 0 -10 1139.63 760.32 1224.13 947.84 0.65 0.71 1.70 2.11 3.03 14.34 3.12 0.4729
Pedestrian 0 0 -10 1573.56 806.23 1936.00 1216.00 0.96 1.20 1.29 2.82 1.98 5.10 -1.58 0.3619
Pedestrian 0 0 -10 1094.70 779.23 1152.40 909.13 0.65 0.73 1.81 2.39 4.13 22.09 3.05 0.3239
Cyclist 0 0 -10 902.60 755.11 1044.51 889.85 0.94 1.93 1.75 0.17 3.61 20.85 0.00 0.5064
Car 0 0 -10 687.98 783.61 928.86 886.25 1.81 3.98 1.52 -2.61 4.40 26.19 0.04 0.9397
Car 0 0 -10 571.12 784.94 889.29 917.17 1.78 3.85 1.44 -2.96 3.65 19.67 0.05 0.7996
Car 0 0 -10 346.09 760.30 843.40 979.73 1.74 3.58 1.48 -2.80 2.65 12.04 -0.00 0.6755
Car 0 0 -10 0.00 638.57 522.57 1216.00 1.80 4.00 1.50 -2.94 1.53 2.26 0.03 0.6320
Car 0 0 -10 799.87 784.96 955.98 854.54 1.85 4.02 1.61 -2.20 6.03 40.30 0.06 0.5241
Car 0 0 -10 829.37 780.88 960.58 835.62 1.78 4.01 1.49 -2.06 6.52 47.20 0.04 0.4092
Car 0 0 -10 723.67 789.11 902.74 867.28 1.76 3.76 1.48 -3.26 5.26 33.43 0.05 0.3488
Car 0 0 -10 0.00 734.78 760.37 1092.95 1.77 3.76 1.46 -3.02 2.09 7.56 0.01 0.3393
Car 0 0 -10 1655.16 637.17 1936.00 1216.00 1.88 4.09 1.75 4.12 1.79 3.53 -0.04 0.3214
