Pedestrian 0 0 -10 1046.60 791.42 1066.84 847.21 0.58 0.57 1.63 2.91 6.74 45.64 3.12 0.5071
Pedestrian 0 0 -10 1374.96 682.69 1630.15 1129.37 0.66 0.80 1.71 2.20 1.96 6.14 3.11 0.4311
Pedestrian 0 0 -10 356.77 754.93 432.90 931.92 0.65 0.60 1.66 -5.66 3.00 14.97 2.97 0.3353
Pedestrian 0 0 -10 1390.78 725.84 1577.75 1068.93 0.72 0.71 1.70 2.79 2.27 8.03 1.48 0.3128
Cyclist 0 0 -10 925.54 762.22 1072.28 899.98 0.95 1.99 1.76 0.54 3.71 20.72 0.08 0.4655
Car 0 0 -10 0.00 740.06 799.49 1149.02 1.80 3.89 1.50 -2.79 2.11 6.92 0.01 0.9145
Car 0 0 -10 625.95 783.39 924.24 909.77 1.79 3.90 1.48 -2.53 3.80 20.97 0.05 0.8905
Car 0 0 -10 442.80 777.13 862.97 960.01 1.73 3.65 1.46 -2.85 3.01 14.37 0.03 0.8472
Car 0 0 -10 666.35 783.34 903.21 881.66 1.81 4.08 1.53 -3.20 4.56 27.61 0.06 0.6197
Car 0 0 -10 818.19 805.77 951.84 868.22 1.74 3.65 1.50 -2.10 6.67 41.90 0.01 0.5230
Car 0 0 -10 759.08 799.30 935.89 876.08 1.83 3.99 1.54 -2.62 5.74 35.11 0.01 0.3936
