Pedestrian 0 0 -10 1242.42 729.98 1376.61 1014.18 0.68 0.72 1.69 2.20 2.38 9.51 -3.09 0.4022
Pedestrian 0 0 -10 1122.38 755.40 1188.25 915.90 0.67 0.63 1.73 2.21 3.25 17.05 3.09 0.3860
Pedestrian 0 0 -10 1043.55 794.69 1062.79 846.43 0.60 0.58 1.56 2.91 6.98 47.44 -3.13 0.3208
Cyclist 0 0 -10 924.18 764.12 1067.85 900.35 0.99 1.97 1.76 0.50 3.77 21.00 0.05 0.3811
Car 0 0 -10 26.92 745.17 820.25 1087.00 1.78 3.69 1.51 -2.72 2.24 8.19 0.02 0.8899
Car 0 0 -10 644.40 784.48 926.67 900.27 1.81 4.00 1.46 -2.56 3.97 22.49 0.03 0.7939
Car 0 0 -10 493.07 783.68 872.80 946.82 1.73 3.67 1.43 -2.83 3.20 15.78 0.02 0.7466
Car 0 0 -10 817.97 798.60 958.47 860.66 1.78 3.91 1.53 -2.08 6.68 43.38 0.05 0.5929
Car 0 0 -10 1329.31 683.73 1936.00 1216.00 1.91 4.31 1.79 3.65 2.03 5.02 -0.07 0.4695
Car 0 0 -10 764.61 792.30 933.42 868.56 1.80 3.87 1.57 -2.71 5.78 36.59 0.10 0.3881
Car 0 0 -10 412.11 766.94 604.66 853.79 1.83 3.74 1.57 -9.66 4.74 32.15 -0.15 0.3125
