Pedestrian 0 0 -10 1214.34 732.21 1345.14 1000.10 0.67 0.72 1.68 2.12 2.42 10.01 3.11 0.4879
Pedestrian 0 0 -10 1097.85 770.41 1156.49 905.05 0.63 0.70 1.66 2.15 3.59 19.48 -3.13 0.4046
Pedestrian 0 0 -10 455.97 808.05 545.05 964.16 0.68 0.64 1.36 -4.36 3.14 14.20 -1.64 0.4001
Pedestrian 0 0 -10 1040.87 796.18 1058.59 847.26 0.58 0.54 1.61 2.92 7.31 49.43 3.11 0.3619
Cyclist 0 0 -10 900.70 760.96 1039.69 893.71 0.86 1.90 1.74 0.12 3.68 20.89 -0.01 0.3902
Car 0 0 -10 676.27 789.46 922.12 895.90 1.77 3.77 1.46 -2.57 4.24 24.34 0.03 0.9008
Car 0 0 -10 214.75 763.54 812.45 1032.17 1.74 3.42 1.45 -2.80 2.45 9.89 0.02 0.8084
Car 0 0 -10 536.56 778.10 894.01 930.33 1.79 3.86 1.49 -2.78 3.38 17.53 0.03 0.7906
Car 0 0 -10 778.37 799.96 935.39 870.48 1.77 3.80 1.52 -2.64 6.14 38.42 0.08 0.6278
Car 0 0 -10 819.68 791.73 955.02 851.37 1.80 3.91 1.53 -2.20 6.69 45.22 0.06 0.6223
Car 0 0 -10 1255.37 705.61 1936.00 1173.45 1.86 4.16 1.69 3.57 2.11 6.77 0.04 0.4763
Car 0 0 -10 0.00 745.91 222.80 837.09 1.75 4.43 1.51 -16.53 3.86 28.11 3.13 0.3515
Car 0 0 -10 0.00 652.86 470.73 1216.00 1.84 4.17 1.58 -3.52 1.67 3.50 -0.04 0.3039
