Pedestrian 0 0 -10 1276.63 717.77 1448.53 1045.91 0.67 0.76 1.70 2.21 2.24 8.29 3.11 0.4065
Pedestrian 0 0 -10 1114.85 762.35 1186.36 915.39 0.66 0.71 1.71 2.23 3.36 17.69 3.04 0.3601
Pedestrian 0 0 -10 1201.70 741.82 1338.23 1005.92 0.66 0.69 1.70 2.15 2.55 10.45 2.80 0.3200
Cyclist 0 0 -10 902.86 759.18 1043.86 892.61 0.84 1.89 1.72 0.15 3.62 20.73 -0.07 0.4995
Car 0 0 -10 650.31 782.35 924.47 897.61 1.81 3.97 1.50 -2.58 4.00 22.88 0.01 0.8417
Car 0 0 -10 502.85 782.94 879.66 942.08 1.77 3.75 1.44 -2.82 3.25 16.22 0.01 0.7845
Car 0 0 -10 815.81 790.84 959.90 852.64 1.80 4.04 1.54 -2.12 6.53 43.96 0.08 0.6470
Car 0 0 -10 68.28 745.10 817.35 1061.97 1.80 3.76 1.51 -2.82 2.29 8.76 0.01 0.6288
Car 0 0 -10 765.14 782.39 936.32 859.38 1.83 4.01 1.63 -2.69 5.65 37.05 0.07 0.5835
Car 0 0 -10 684.11 786.68 903.28 876.19 1.79 4.04 1.48 -3.25 4.79 29.53 0.07 0.4517
Car 0 0 -10 446.90 770.88 636.95 856.18 1.83 3.80 1.56 -9.08 4.87 32.66 -0.15 0.3087
Car 0 0 -10 1298.79 669.10 1936.00 1216.00 1.90 4.12 1.81 3.55 2.00 5.62 -0.02 0.3086
