Pedestrian 0 0 -10 1225.98 729.38 1373.21 1009.06 0.66 0.73 1.65 2.13 2.34 9.48 3.03 0.4507
Pedestrian 0 0 -10 1156.97 778.36 1223.43 908.03 0.72 0.62 1.69 3.18 3.86 20.78 -1.84 0.4148
Pedestrian 0 0 -10 1096.99 777.02 1164.05 920.57 0.65 0.73 1.70 2.13 3.66 18.85 3.05 0.3956
Cyclist 0 0 -10 895.16 764.65 1033.58 896.24 0.94 1.92 1.73 0.03 3.76 21.20 -0.02 0.3958
Car 0 0 -10 658.10 783.60 921.19 893.91 1.80 3.95 1.49 -2.67 4.12 23.89 0.03 0.8355
Car 0 0 -10 818.16 785.96 954.48 845.25 1.76 3.87 1.51 -2.20 6.42 44.62 0.08 0.8083
Car 0 0 -10 522.17 782.48 897.19 935.96 1.82 4.00 1.47 -2.81 3.40 17.31 0.03 0.7819
Car 0 0 -10 779.08 795.32 936.61 865.97 1.78 3.80 1.52 -2.58 5.96 37.94 0.05 0.7782
Car 0 0 -10 134.21 762.37 790.87 1045.50 1.78 3.56 1.45 -2.97 2.41 9.47 -3.13 0.7203
Car 0 0 -10 692.06 788.59 886.40 880.09 1.72 3.40 1.46 -3.22 4.68 28.39 0.07 0.5336
Car 0 0 -10 0.00 748.69 208.59 844.09 1.78 4.42 1.52 -16.51 3.88 27.51 3.08 0.4609
Car 0 0 -10 1282.20 699.74 1936.00 1216.00 1.88 4.15 1.73 3.63 2.09 6.22 -0.03 0.4181
