Pedestrian 0 0 -10 1340.45 691.66 1561.53 1084.56 0.65 0.75 1.65 2.19 1.97 6.76 3.02 0.4404
Pedestrian 0 0 -10 1046.66 788.14 1067.30 842.54 0.58 0.58 1.61 2.96 6.69 46.26 3.10 0.4112
Cyclist 0 0 -10 923.90 767.81 1069.68 906.41 0.99 1.98 1.76 0.51 3.80 20.76 0.07 0.4697
Car 0 0 -10 0.00 743.60 797.73 1121.17 1.75 3.59 1.49 -2.72 2.15 7.40 0.03 0.8891
Car 0 0 -10 633.72 782.58 915.88 903.67 1.78 3.81 1.47 -2.60 3.83 21.46 0.02 0.8738
Car 0 0 -10 462.96 778.85 877.64 950.95 1.76 3.79 1.43 -2.80 3.07 15.00 0.02 0.7651
Car 0 0 -10 672.79 786.89 893.75 880.88 1.77 3.89 1.49 -3.29 4.65 28.14 0.05 0.7238
Car 0 0 -10 811.91 801.94 948.21 863.23 1.72 3.69 1.47 -2.26 6.58 42.21 0.05 0.6979
Car 0 0 -10 755.29 796.25 925.07 872.40 1.80 3.81 1.53 -2.82 5.70 35.44 0.05 0.5058
Car 0 0 -10 1376.10 654.73 1936.00 1216.00 1.91 4.21 1.83 3.64 1.94 4.54 -0.02 0.3150
