Pedestrian 0 0 -10 1206.54 737.62 1325.62 994.33 0.67 0.70 1.72 2.17 2.56 10.70 3.11 0.4293
Pedestrian 0 0 -10 1057.16 794.38 1077.90 850.66 0.65 0.65 1.73 3.43 7.24 48.28 -3.10 0.3813
Pedestrian 0 0 -10 1258.58 720.72 1420.00 1025.44 0.68 0.76 1.68 2.21 2.27 8.82 3.10 0.3708
Pedestrian 0 0 -10 1169.45 800.08 1226.53 918.99 0.64 0.74 1.48 3.18 3.88 20.12 -1.59 0.3359
Cyclist 0 0 -10 897.78 759.33 1039.34 893.29 0.90 1.92 1.74 0.10 3.64 20.75 -0.01 0.4560
Car 0 0 -10 650.81 787.83 925.66 900.66 1.81 4.02 1.47 -2.61 4.10 23.20 0.03 0.8711
Car 0 0 -10 504.98 781.13 872.15 937.50 1.75 3.72 1.45 -2.90 3.26 16.47 0.00 0.8067
Car 0 0 -10 817.39 793.42 958.93 854.57 1.80 4.01 1.54 -2.12 6.63 44.15 0.05 0.7577
Car 0 0 -10 97.65 757.27 792.27 1054.64 1.76 3.58 1.46 -2.92 2.34 9.03 0.01 0.7183
Car 0 0 -10 768.32 788.21 936.84 861.81 1.81 3.98 1.56 -2.66 5.73 37.21 0.06 0.5747
Car 0 0 -10 1273.38 681.70 1936.00 1216.00 1.88 4.15 1.77 3.53 2.04 5.99 -0.01 0.5458
Car 0 0 -10 714.78 794.77 899.40 876.38 1.73 3.64 1.45 -3.23 5.17 31.76 0.09 0.3862
