Pedestrian 0 0 -10 1147.94 781.91 1209.15 902.55 0.73 0.65 1.66 3.18 4.00 21.94 -1.72 0.3309
Pedestrian 0 0 -10 1185.73 744.40 1313.35 992.97 0.69 0.75 1.68 2.07 2.57 10.82 3.07 0.3044
Cyclist 0 0 -10 896.97 761.07 1039.17 896.08 0.92 1.93 1.75 0.09 3.68 20.77 0.00 0.4775
Cyclist 0 0 -10 1103.77 727.17 1380.06 968.84 0.80 1.93 1.69 2.07 2.49 11.22 -3.14 0.3111
Car 0 0 -10 675.86 783.59 921.23 891.45 1.79 3.85 1.52 -2.65 4.28 24.97 0.04 0.9240
Car 0 0 -10 538.18 790.51 882.62 932.59 1.77 3.88 1.44 -2.98 3.57 18.30 0.04 0.7378
Car 0 0 -10 788.02 800.12 940.49 870.35 1.80 3.73 1.53 -2.49 6.22 38.99 0.10 0.5665
Car 0 0 -10 316.54 771.14 872.16 1024.70 1.76 3.49 1.47 -2.43 2.59 10.55 -0.00 0.5593
Car 0 0 -10 822.67 782.73 957.13 841.04 1.80 3.97 1.54 -2.15 6.49 45.90 0.05 0.3911
Car 0 0 -10 0.00 746.00 257.56 836.41 1.77 4.43 1.52 -16.01 3.89 28.43 3.13 0.3206
