Pedestrian 0 0 -10 1049.77 785.89 1071.71 847.64 0.62 0.61 1.75 2.94 6.55 44.30 3.14 0.5234
Pedestrian 0 0 -10 1161.03 752.63 1247.55 944.66 0.66 0.66 1.67 2.24 2.88 13.84 3.08 0.3789
Pedestrian 0 0 -10 1363.67 730.26 1493.23 992.83 0.69 0.60 1.76 3.31 2.53 10.63 1.42 0.3355
Pedestrian 0 0 -10 1462.61 665.29 1775.04 1216.00 0.67 0.71 1.75 2.11 1.89 4.87 3.10 0.3262
Pedestrian 0 0 -10 248.97 755.29 331.08 950.70 0.68 0.64 1.68 -6.24 2.93 13.90 2.63 0.3116
Cyclist 0 0 -10 928.86 766.18 1075.40 902.54 0.92 1.98 1.75 0.59 3.79 20.95 0.11 0.5915
Car 0 0 -10 0.00 727.39 736.02 1216.00 1.78 3.83 1.50 -2.92 1.96 5.71 0.01 0.8555
Car 0 0 -10 611.92 783.06 919.83 915.98 1.79 3.83 1.48 -2.52 3.69 19.93 0.03 0.8263
Car 0 0 -10 414.06 771.97 858.98 972.06 1.77 3.56 1.48 -2.75 2.87 13.26 0.00 0.7720
Car 0 0 -10 383.10 774.54 536.59 832.75 1.81 4.36 1.66 -16.21 6.61 48.47 -3.12 0.4734
Car 0 0 -10 810.18 772.61 952.12 837.22 1.75 3.69 1.53 -2.15 5.65 40.81 0.06 0.4379
Car 0 0 -10 735.60 762.87 950.47 860.32 2.06 4.72 1.96 -2.69 5.29 34.80 0.08 0.4360
Car 0 0 -10 663.33 788.32 886.62 884.00 1.77 3.77 1.46 -3.32 4.53 27.14 0.05 0.3214
