Pedestrian 0 0 -10 1225.94 729.27 1359.66 998.89 0.69 0.75 1.69 2.20 2.41 9.98 -3.13 0.5442
Pedestrian 0 0 -10 1165.28 800.24 1220.22 902.24 0.72 0.70 1.40 3.42 4.04 22.13 1.60 0.3375
Cyclist 0 0 -10 936.88 765.97 1081.33 899.87 0.92 1.97 1.73 0.66 3.74 20.84 0.02 0.4822
Car 0 0 -10 783.08 792.07 936.48 861.12 1.74 3.67 1.48 -2.53 5.83 37.88 0.07 0.7912
Car 0 0 -10 508.88 786.35 876.24 941.33 1.79 3.85 1.47 -2.94 3.40 16.97 0.00 0.7530
Car 0 0 -10 0.00 651.37 596.93 1216.00 1.81 4.14 1.50 -2.91 1.56 2.54 0.01 0.7370
Car 0 0 -10 700.15 775.98 917.86 869.26 1.86 4.23 1.65 -3.07 4.85 30.71 0.04 0.4767
Car 0 0 -10 131.10 758.00 764.69 1010.82 1.78 3.84 1.47 -3.43 2.48 10.53 0.01 0.3995
Car 0 0 -10 793.11 781.75 940.26 840.68 1.82 4.21 1.51 -2.79 6.30 44.67 0.05 0.3920
Car 0 0 -10 603.40 783.95 883.04 903.01 1.75 3.79 1.46 -3.14 3.90 21.99 0.06 0.3073
