Pedestrian 0 0 -10 1192.51 745.01 1315.80 986.72 0.68 0.74 1.67 2.16 2.59 11.08 3.07 0.4577
Pedestrian 0 0 -10 1048.14 782.02 1071.95 845.67 0.61 0.62 1.70 2.76 6.13 41.81 3.13 0.3708
Pedestrian 0 0 -10 1626.16 632.24 1936.00 1216.00 0.69 0.71 1.77 2.21 1.79 3.83 3.12 0.3235
Cyclist 0 0 -10 935.76 772.53 1078.95 906.49 0.87 1.94 1.71 0.65 3.81 20.70 0.06 0.4069
Car 0 0 -10 300.06 762.84 850.01 1001.18 1.76 3.65 1.48 -2.73 2.59 11.18 0.00 0.7908
Car 0 0 -10 0.00 665.98 689.30 1216.00 1.81 4.09 1.54 -2.80 1.65 3.23 0.01 0.7722
Car 0 0 -10 733.34 788.62 933.16 875.57 1.86 4.03 1.57 -2.68 5.18 31.97 0.06 0.7515
Car 0 0 -10 557.09 775.08 909.00 925.82 1.79 3.90 1.51 -2.62 3.40 17.85 0.03 0.7000
Car 0 0 -10 785.14 792.94 942.10 861.91 1.79 3.83 1.50 -2.49 5.97 38.74 0.09 0.6300
Car 0 0 -10 660.92 788.45 891.07 888.09 1.76 3.78 1.48 -3.23 4.49 26.51 0.08 0.5510
Car 0 0 -10 816.08 787.66 954.61 846.88 1.78 3.94 1.50 -2.25 6.50 44.88 0.10 0.4203
Car 0 0 -10 0.00 779.26 309.11 1000.04 1.85 4.43 1.48 -8.18 2.91 12.78 -3.03 0.3771
