Pedestrian 0 0 -10 1048.14 785.68 1071.30 846.84 0.63 0.65 1.71 2.88 6.45 43.77 -3.12 0.4978
Pedestrian 0 0 -10 1568.21 650.99 1936.00 1216.00 0.68 0.77 1.73 2.21 1.80 4.12 3.03 0.4022
Pedestrian 0 0 -10 91.01 772.63 220.10 939.29 0.75 0.72 1.38 -7.35 2.77 13.65 -2.86 0.3579
Pedestrian 0 0 -10 1499.41 729.02 1751.03 1159.10 0.72 0.71 1.65 2.76 2.11 6.28 1.52 0.3212
Pedestrian 0 0 -10 1368.39 744.16 1506.67 1004.84 0.72 0.61 1.65 3.21 2.49 10.11 1.52 0.3028
Cyclist 0 0 -10 931.86 768.69 1075.09 902.73 0.86 1.95 1.73 0.61 3.78 20.89 0.09 0.5976
Car 0 0 -10 603.93 778.58 912.52 916.55 1.78 3.74 1.51 -2.57 3.62 19.52 0.04 0.8321
Car 0 0 -10 0.00 718.94 722.23 1216.00 1.78 3.90 1.50 -2.92 1.88 5.18 0.00 0.7936
Car 0 0 -10 392.92 765.63 863.59 971.20 1.78 3.69 1.49 -2.76 2.80 13.00 0.01 0.6743
Car 0 0 -10 812.89 787.11 954.37 852.12 1.75 3.64 1.50 -2.06 5.97 40.29 0.05 0.5101
Car 0 0 -10 637.54 784.91 903.63 887.92 1.82 4.28 1.48 -3.22 4.35 25.81 0.07 0.4387
Car 0 0 -10 770.53 781.29 964.94 868.28 1.90 4.20 1.69 -2.08 5.36 34.05 0.07 0.4021
