Pedestrian 0 0 -10 1052.22 789.73 1074.92 848.56 0.57 0.60 1.62 2.95 6.42 43.20 3.10 0.4291
Pedestrian 0 0 -10 1436.55 733.58 1746.84 1189.83 0.67 0.82 1.46 2.29 1.89 5.47 2.71 0.3494
Pedestrian 0 0 -10 1173.60 826.18 1226.65 908.65 0.57 0.95 1.16 3.87 4.49 24.19 -1.08 0.3202
Pedestrian 0 0 -10 1637.28 624.05 1936.00 1216.00 0.67 0.71 1.75 2.21 1.75 3.77 3.13 0.3002
Pedestrian 0 0 -10 1174.84 749.36 1275.93 970.86 0.65 0.70 1.75 2.20 2.82 12.53 3.08 0.3001
Cyclist 0 0 -10 933.16 766.01 1076.14 900.40 0.88 1.95 1.73 0.62 3.75 20.90 0.09 0.4674
Car 0 0 -10 605.67 776.21 915.14 913.98 1.75 3.66 1.48 -2.48 3.50 19.06 0.04 0.8550
Car 0 0 -10 354.48 766.83 857.19 981.04 1.77 3.74 1.47 -2.82 2.74 12.46 0.03 0.7726
Car 0 0 -10 0.00 714.36 727.27 1216.00 1.78 3.92 1.50 -2.87 1.85 4.86 0.01 0.7680
Car 0 0 -10 803.09 784.06 953.69 851.18 1.80 3.84 1.53 -2.18 5.90 40.05 0.07 0.4641
Car 0 0 -10 751.02 783.44 939.55 864.98 1.84 3.99 1.55 -2.54 5.21 33.46 0.06 0.3820
Car 0 0 -10 822.06 785.44 954.99 842.61 1.75 3.87 1.49 -2.18 6.48 45.54 0.06 0.3778
