Pedestrian 0 0 -10 1207.13 739.93 1332.75 993.85 0.67 0.70 1.67 2.16 2.51 10.54 3.04 0.4723
Pedestrian 0 0 -10 1692.19 675.38 1936.00 1216.00 0.69 0.86 1.50 2.23 1.64 3.62 -0.94 0.4437
Pedestrian 0 0 -10 1689.38 731.86 1936.00 1216.00 0.79 0.83 1.39 2.89 1.77 4.80 -1.41 0.3722
Pedestrian 0 0 -10 1423.77 747.54 1602.44 1046.81 0.77 0.67 1.50 2.99 2.20 8.15 1.67 0.3675
Pedestrian 0 0 -10 1052.24 784.23 1075.50 846.28 0.60 0.60 1.63 2.83 6.06 41.22 3.14 0.3449
Cyclist 0 0 -10 935.12 769.79 1079.85 905.31 0.96 1.96 1.73 0.66 3.80 20.82 0.09 0.5525
Car 0 0 -10 519.62 787.03 879.92 940.46 1.83 3.87 1.49 -2.93 3.48 17.40 -0.00 0.8153
Car 0 0 -10 781.63 789.61 938.97 858.51 1.77 3.83 1.50 -2.55 5.84 38.40 0.06 0.6969
Car 0 0 -10 729.09 773.66 937.16 864.32 1.83 4.19 1.66 -2.68 4.93 31.86 0.07 0.6832
Car 0 0 -10 0.00 674.37 577.04 1216.00 1.79 3.93 1.50 -2.98 1.63 3.05 -0.00 0.6132
Car 0 0 -10 794.51 787.11 940.98 846.97 1.83 4.18 1.52 -2.75 6.47 44.61 0.05 0.4429
Car 0 0 -10 236.01 767.78 844.51 1002.19 1.79 4.09 1.43 -2.97 2.59 11.23 -0.03 0.3961
Car 0 0 -10 663.45 786.63 893.11 889.10 1.77 3.74 1.51 -3.18 4.49 26.45 0.09 0.3380
