Pedestrian 0 0 -10 1164.88 784.10 1225.09 893.55 0.76 0.64 1.64 3.74 4.23 23.95 1.31 0.4700
Pedestrian 0 0 -10 1495.59 680.49 1811.74 1216.00 0.69 0.74 1.74 2.27 1.94 4.97 -3.13 0.4121
Pedestrian 0 0 -10 1242.70 776.07 1333.65 948.09 0.75 0.60 1.68 3.41 3.30 15.63 -1.77 0.3312
Pedestrian 0 0 -10 1050.35 790.03 1074.04 850.61 0.59 0.62 1.66 2.89 6.42 42.86 3.10 0.3132
Pedestrian 0 0 -10 1169.70 753.80 1276.96 970.79 0.64 0.72 1.67 2.15 2.77 12.32 3.02 0.3101
Cyclist 0 0 -10 930.03 765.26 1078.57 903.06 1.01 1.99 1.75 0.62 3.76 20.83 0.12 0.6099
Car 0 0 -10 591.22 781.45 917.69 922.50 1.78 3.77 1.46 -2.50 3.52 18.67 0.05 0.8138
Car 0 0 -10 799.94 789.33 948.34 857.49 1.75 3.72 1.53 -2.26 5.98 39.43 0.06 0.6718
Car 0 0 -10 0.00 698.50 698.35 1216.00 1.80 4.00 1.51 -2.92 1.77 4.29 0.01 0.6497
Car 0 0 -10 337.88 765.58 871.10 988.11 1.78 3.86 1.47 -2.75 2.70 12.12 0.05 0.5130
Car 0 0 -10 749.43 791.32 937.95 875.61 1.82 3.91 1.56 -2.54 5.34 32.90 0.07 0.4780
Car 0 0 -10 1261.38 716.11 1936.00 1155.79 1.95 4.58 1.75 3.96 2.30 7.76 0.13 0.4227
Car 0 0 -10 640.67 787.12 905.07 890.43 1.79 4.23 1.47 -3.17 4.37 25.68 0.07 0.4076
Car 0 0 -10 820.66 783.68 956.64 841.29 1.77 3.95 1.50 -2.17 6.43 45.42 0.06 0.3880
Car 0 0 -10 0.00 774.96 241.99 1029.04 1.75 4.41 1.48 -8.12 2.78 11.65 -2.91 0.3292
