Pedestrian 0 0 -10 1331.99 713.38 1507.25 1069.68 0.67 0.67 1.67 2.29 2.14 7.54 3.11 0.3951
Pedestrian 0 0 -10 1424.98 679.24 1678.42 1161.81 0.63 0.70 1.69 2.20 1.90 5.63 3.11 0.3896
Pedestrian 0 0 -10 1046.15 791.83 1067.86 848.00 0.59 0.59 1.62 2.90 6.72 45.37 3.09 0.3445
Cyclist 0 0 -10 926.21 759.66 1070.33 896.43 0.94 1.97 1.77 0.54 3.70 20.92 0.07 0.4783
Car 0 0 -10 0.00 735.70 766.29 1163.11 1.78 3.72 1.50 -2.83 2.06 6.63 -0.01 0.9386
Car 0 0 -10 616.75 784.41 924.43 912.41 1.82 3.97 1.47 -2.56 3.79 20.70 0.05 0.9183
Car 0 0 -10 442.72 780.54 854.53 964.10 1.72 3.53 1.44 -2.86 3.02 14.20 0.02 0.8407
Car 0 0 -10 817.37 787.33 956.08 849.34 1.74 3.72 1.48 -2.03 6.09 41.51 0.03 0.7626
Car 0 0 -10 756.95 786.03 935.42 863.14 1.83 3.96 1.53 -2.64 5.41 34.95 0.05 0.6740
Car 0 0 -10 656.28 779.18 903.09 875.87 1.78 4.15 1.46 -3.20 4.34 26.86 0.06 0.5601
