Pedestrian 0 0 -10 1047.78 784.47 1072.64 846.38 0.61 0.66 1.68 2.80 6.23 42.35 3.13 0.3988
Pedestrian 0 0 -10 1571.06 664.27 1915.16 1216.00 0.66 0.72 1.73 2.27 1.86 4.43 -3.01 0.3387
Pedestrian 0 0 -10 1174.63 823.90 1223.81 904.03 0.57 1.03 1.07 3.74 4.27 23.48 -1.21 0.3138
Cyclist 0 0 -10 929.58 769.13 1074.15 904.51 0.93 1.96 1.73 0.56 3.78 20.70 0.04 0.4827
Car 0 0 -10 578.40 778.37 906.08 924.39 1.76 3.72 1.50 -2.57 3.47 18.21 0.01 0.8314
Car 0 0 -10 333.14 762.05 849.73 990.23 1.74 3.57 1.47 -2.74 2.62 11.66 0.03 0.7863
Car 0 0 -10 742.03 783.45 939.78 869.09 1.84 4.03 1.57 -2.55 5.10 32.31 0.07 0.7806
Car 0 0 -10 0.00 694.60 686.72 1216.00 1.81 4.01 1.51 -2.86 1.73 3.73 0.00 0.7372
Car 0 0 -10 803.19 778.01 948.24 844.73 1.75 3.61 1.50 -2.19 5.59 39.02 0.05 0.6746
Car 0 0 -10 638.13 785.06 900.94 891.22 1.80 4.12 1.49 -3.17 4.30 25.22 0.07 0.3979
Car 0 0 -10 800.03 781.23 937.58 839.74 1.77 3.91 1.50 -2.73 6.27 44.69 0.06 0.3698
