Pedestrian 0 0 -10 269.65 749.44 357.12 936.12 0.73 0.71 1.66 -6.25 2.90 14.41 2.64 0.3687
Pedestrian 0 0 -10 1152.81 763.68 1237.10 945.12 0.65 0.70 1.64 2.24 3.01 14.39 3.13 0.3613
Pedestrian 0 0 -10 1047.06 788.78 1070.55 847.63 0.60 0.65 1.68 2.92 6.62 44.76 3.12 0.3403
Cyclist 0 0 -10 928.56 763.50 1074.18 898.95 0.88 1.98 1.74 0.58 3.72 20.85 0.08 0.4711
Car 0 0 -10 0.00 738.53 756.36 1199.48 1.76 3.58 1.48 -2.77 2.02 6.17 0.02 0.8797
Car 0 0 -10 413.52 774.26 867.06 970.93 1.79 3.74 1.48 -2.81 2.95 13.70 0.03 0.8421
Car 0 0 -10 618.19 781.62 919.07 913.09 1.78 3.77 1.48 -2.53 3.71 20.24 0.06 0.8278
Car 0 0 -10 812.46 780.22 955.09 842.91 1.75 3.74 1.48 -2.09 5.84 41.02 0.05 0.6516
Car 0 0 -10 738.49 760.25 950.76 859.05 2.09 4.70 2.01 -2.65 5.27 34.86 0.06 0.4520
Car 0 0 -10 341.47 777.20 495.61 831.20 1.77 4.16 1.47 -16.89 6.31 46.65 -3.13 0.3582
Car 0 0 -10 663.77 782.49 892.52 877.93 1.78 3.86 1.46 -3.26 4.42 27.10 0.06 0.3333
