Pedestrian 0 0 -10 1267.64 722.34 1432.90 1048.41 0.68 0.73 1.68 2.13 2.24 8.27 3.13 0.4405
Pedestrian 0 0 -10 1062.19 786.79 1083.25 846.97 0.52 0.51 1.51 2.92 5.79 39.24 3.13 0.3640
Cyclist 0 0 -10 933.47 772.54 1078.59 905.33 0.86 1.95 1.70 0.60 3.80 20.72 -0.05 0.3411
Car 0 0 -10 93.37 744.18 795.43 1042.55 1.77 3.71 1.51 -2.98 2.32 9.21 0.01 0.8481
Car 0 0 -10 484.76 785.18 872.85 954.63 1.79 3.70 1.47 -2.82 3.23 15.55 0.00 0.6953
Car 0 0 -10 715.25 779.61 930.77 877.30 1.87 4.04 1.66 -2.70 4.86 29.85 0.07 0.6142
Car 0 0 -10 774.05 773.42 933.24 843.93 1.76 3.71 1.50 -2.63 5.27 37.02 0.08 0.5185
Car 0 0 -10 20.28 771.36 270.80 854.26 1.71 4.19 1.47 -16.66 4.57 30.68 3.11 0.3921
Car 0 0 -10 577.91 783.00 865.97 912.85 1.76 3.65 1.50 -3.25 3.80 20.74 0.07 0.3242
Car 0 0 -10 791.15 784.79 912.53 838.73 1.75 3.73 1.50 -3.49 6.74 48.08 0.03 0.3108
