Pedestrian 0 0 -10 1256.65 733.40 1404.33 1019.70 0.69 0.78 1.67 2.30 2.38 9.37 -3.10 0.4835
Cyclist 0 0 -10 938.50 768.57 1081.96 902.25 0.94 1.95 1.72 0.67 3.77 20.79 0.02 0.5541
Car 0 0 -10 781.57 793.92 936.24 864.53 1.74 3.67 1.50 -2.53 5.86 37.55 0.07 0.7961
Car 0 0 -10 182.05 759.49 818.66 1024.78 1.77 3.71 1.45 -2.90 2.43 10.00 0.01 0.7190
Car 0 0 -10 528.43 785.94 898.31 950.69 1.82 3.75 1.51 -2.62 3.38 16.48 -3.12 0.6331
Car 0 0 -10 0.00 644.47 543.21 1216.00 1.80 4.05 1.50 -2.94 1.54 2.34 0.02 0.5912
Car 0 0 -10 717.57 784.95 925.87 873.71 1.79 3.99 1.53 -2.79 4.90 30.46 0.07 0.5713
Car 0 0 -10 1299.12 675.23 1936.00 1216.00 1.94 4.39 1.83 3.57 2.03 5.05 -0.03 0.3165
Car 0 0 -10 174.23 788.07 372.31 855.15 1.72 4.06 1.41 -16.78 5.50 36.60 -3.14 0.3152
Car 0 0 -10 595.88 782.96 886.36 905.66 1.78 3.89 1.49 -3.13 3.89 21.76 0.07 0.3009
