Pedestrian 0 0 -10 1309.30 748.32 1418.78 978.33 0.69 0.62 1.73 3.20 2.74 11.93 -1.61 0.3542
Pedestrian 0 0 -10 1316.25 701.49 1514.24 1077.26 0.67 0.74 1.71 2.20 2.10 7.30 3.08 0.3436
Pedestrian 0 0 -10 1562.42 735.68 1901.59 1157.61 0.83 0.83 1.41 2.91 1.87 5.73 1.42 0.3276
Cyclist 0 0 -10 929.62 772.43 1075.71 907.95 0.97 1.97 1.74 0.56 3.84 20.84 -0.05 0.4743
Car 0 0 -10 80.81 748.01 802.88 1071.04 1.73 3.55 1.51 -2.76 2.29 8.57 -0.02 0.9226
Car 0 0 -10 449.74 782.05 886.73 958.95 1.84 4.02 1.47 -2.81 3.15 15.00 0.00 0.8258
Car 0 0 -10 769.37 778.65 931.30 850.36 1.75 3.69 1.48 -2.63 5.29 36.05 0.06 0.7137
Car 0 0 -10 708.18 782.75 924.08 881.48 1.84 3.94 1.63 -2.79 4.84 29.27 0.08 0.5919
Car 0 0 -10 0.00 665.76 506.75 1216.00 1.83 4.06 1.53 -3.51 1.66 3.96 -0.00 0.4227
Car 0 0 -10 572.80 803.69 888.77 932.06 1.81 4.17 1.50 -3.21 4.18 21.36 0.06 0.4192
Car 0 0 -10 786.42 783.80 910.93 837.32 1.75 3.81 1.48 -3.54 6.62 47.53 0.01 0.3708
Car 0 0 -10 785.13 775.67 937.75 838.10 1.80 4.08 1.51 -2.76 5.84 41.96 0.05 0.3478
