Pedestrian 0 0 -10 1325.41 717.53 1543.12 1095.80 0.67 0.75 1.61 2.17 2.06 6.93 3.00 0.4016
Pedestrian 0 0 -10 1042.11 785.84 1066.47 851.43 0.57 0.56 1.58 2.35 5.68 37.81 3.10 0.3204
Cyclist 0 0 -10 930.99 774.57 1075.56 908.89 0.95 1.96 1.72 0.56 3.84 20.74 -0.02 0.4050
Car 0 0 -10 4.37 749.88 782.04 1089.01 1.76 3.53 1.47 -2.82 2.22 8.05 -0.01 0.8573
Car 0 0 -10 430.00 773.07 880.76 955.60 1.80 4.05 1.50 -2.88 3.05 14.71 0.01 0.8146
Car 0 0 -10 762.42 798.02 932.54 872.68 1.75 3.79 1.48 -2.66 5.70 35.46 0.09 0.8046
Car 0 0 -10 541.54 789.56 840.85 915.95 1.79 3.92 1.51 -3.77 3.97 21.34 0.03 0.5145
Car 0 0 -10 676.09 782.78 899.81 886.75 1.87 3.93 1.67 -3.22 4.77 28.33 0.08 0.5076
Car 0 0 -10 0.00 661.49 520.81 1216.00 1.82 4.07 1.53 -3.33 1.64 3.52 -0.01 0.5054
Car 0 0 -10 92.12 777.13 321.44 852.43 1.72 4.22 1.44 -16.70 4.92 33.24 3.12 0.3995
