Pedestrian 0 0 -10 1376.69 691.67 1628.29 1142.88 0.66 0.75 1.69 2.17 1.98 6.07 3.06 0.4610
Pedestrian 0 0 -10 1185.73 784.68 1256.64 918.15 0.75 0.66 1.63 3.38 3.75 19.50 -1.69 0.3628
Pedestrian 0 0 -10 1042.88 783.03 1069.33 851.96 0.63 0.60 1.64 2.36 5.62 37.31 3.11 0.3316
Pedestrian 0 0 -10 1651.82 781.04 1936.00 1216.00 0.81 0.99 1.27 2.91 1.84 4.98 1.65 0.3023
Cyclist 0 0 -10 899.75 765.99 1048.61 903.24 0.96 1.92 1.72 0.16 3.72 20.62 -0.15 0.3884
Car 0 0 -10 0.00 749.18 761.46 1123.39 1.73 3.42 1.48 -2.80 2.16 7.39 -0.02 0.9159
Car 0 0 -10 407.79 777.04 872.64 967.71 1.81 3.97 1.49 -2.88 3.01 14.06 0.01 0.8594
Car 0 0 -10 762.75 795.52 932.27 873.27 1.76 3.71 1.53 -2.63 5.65 35.06 0.10 0.6052
Car 0 0 -10 680.53 786.36 906.38 887.65 1.86 3.94 1.60 -3.09 4.74 28.04 0.07 0.4281
Car 0 0 -10 506.95 777.98 816.89 915.52 1.74 3.54 1.47 -3.69 3.49 18.88 0.02 0.3989
Car 0 0 -10 0.00 650.41 463.66 1216.00 1.78 3.87 1.51 -3.28 1.58 3.17 -0.02 0.3575
Car 0 0 -10 79.66 791.20 307.15 868.92 1.74 4.07 1.45 -16.71 5.18 32.67 3.13 0.3525
