Pedestrian 0 0 -10 1413.89 700.62 1682.40 1182.06 0.64 0.73 1.65 2.16 1.94 5.56 3.08 0.5789
Pedestrian 0 0 -10 1046.84 787.19 1073.76 856.88 0.59 0.58 1.63 2.43 5.65 36.76 3.06 0.3630
Pedestrian 0 0 -10 1187.19 799.60 1254.44 925.42 0.69 0.67 1.49 3.30 3.75 19.03 -1.66 0.3551
Cyclist 0 0 -10 898.68 769.75 1047.07 908.42 0.88 1.94 1.74 0.14 3.77 20.41 -0.10 0.3155
Car 0 0 -10 0.00 743.50 770.97 1129.48 1.75 3.59 1.49 -2.80 2.15 7.33 -0.05 0.9309
Car 0 0 -10 756.80 793.04 935.05 868.68 1.75 3.91 1.48 -2.64 5.51 34.84 0.08 0.7812
Car 0 0 -10 389.13 771.16 867.65 963.80 1.82 4.08 1.49 -2.96 2.95 13.97 -0.02 0.7173
Car 0 0 -10 496.94 781.89 814.08 923.93 1.74 3.48 1.45 -3.64 3.46 18.24 0.03 0.4847
Car 0 0 -10 669.69 783.25 903.32 888.51 1.88 4.05 1.66 -3.16 4.69 27.61 0.04 0.4054
Car 0 0 -10 0.00 643.87 452.40 1216.00 1.82 4.03 1.51 -3.23 1.56 2.72 -0.05 0.4035
Car 0 0 -10 71.87 778.30 307.07 856.50 1.72 4.22 1.46 -16.71 4.89 32.52 3.11 0.3425
