Pedestrian 0 0 -10 1222.77 807.47 1309.31 946.09 0.73 0.75 1.42 3.44 3.54 16.92 -1.75 0.3675
Pedestrian 0 0 -10 1051.99 794.45 1077.21 866.04 0.54 0.54 1.57 2.37 5.48 34.27 3.14 0.3283
Cyclist 0 0 -10 926.50 772.28 1075.19 910.95 0.88 1.96 1.74 0.52 3.79 20.32 -0.05 0.4456
Car 0 0 -10 263.85 766.08 848.91 994.55 1.81 4.06 1.46 -2.97 2.65 11.63 -0.00 0.7922
Car 0 0 -10 755.15 787.81 929.23 869.58 1.74 3.54 1.50 -2.54 5.15 32.44 0.07 0.7298
Car 0 0 -10 0.00 721.36 692.50 1216.00 1.77 3.81 1.51 -3.00 1.90 5.13 0.03 0.7100
Car 0 0 -10 627.44 775.73 902.79 884.99 1.84 4.35 1.56 -3.22 4.20 25.17 0.04 0.6174
Car 0 0 -10 463.44 788.76 825.15 935.92 1.79 3.95 1.48 -3.70 3.54 17.93 0.01 0.4264
Car 0 0 -10 772.26 794.52 930.72 864.07 1.78 3.86 1.51 -2.76 5.96 38.21 0.04 0.3371
Car 0 0 -10 772.21 798.07 896.50 853.60 1.82 4.01 1.57 -4.15 7.41 49.44 -0.04 0.3087
