Pedestrian 0 0 -10 1611.15 646.98 1936.00 1216.00 0.67 0.82 1.73 2.31 1.79 4.07 -3.09 0.4196
Pedestrian 0 0 -10 683.67 788.31 720.92 855.79 0.72 0.64 1.42 -5.78 5.11 33.41 1.58 0.3643
Cyclist 0 0 -10 928.81 769.05 1071.17 903.37 0.94 1.93 1.72 0.52 3.77 20.69 -0.00 0.3386
Car 0 0 -10 750.20 787.73 930.93 868.13 1.76 3.79 1.52 -2.65 5.26 33.37 0.08 0.8671
Car 0 0 -10 333.30 770.81 869.52 982.47 1.82 4.10 1.47 -2.87 2.79 12.61 -0.02 0.8398
Car 0 0 -10 0.00 724.78 729.34 1174.45 1.75 3.62 1.47 -2.90 1.94 6.17 -0.01 0.5447
Car 0 0 -10 651.24 770.00 909.28 879.46 1.87 4.31 1.67 -3.13 4.34 26.47 0.03 0.4757
Car 0 0 -10 1241.66 734.74 1936.00 1136.79 1.85 4.05 1.66 3.61 2.31 7.87 0.09 0.3279
Car 0 0 -10 766.82 786.61 893.95 841.34 1.77 3.91 1.53 -4.15 6.80 47.89 0.00 0.3158
Car 0 0 -10 774.86 784.79 936.82 854.06 1.81 4.05 1.55 -2.73 5.87 39.36 0.06 0.3074
