Pedestrian 0 0 -10 941.75 792.29 963.39 844.16 0.63 0.62 1.62 -0.29 7.18 49.35 2.97 0.4276
Pedestrian 0 0 -10 319.03 753.98 351.23 834.11 0.64 0.65 1.80 -14.75 4.87 35.24 2.83 0.3610
Pedestrian 0 0 -10 1337.79 806.54 1477.71 1005.91 0.69 0.95 1.31 3.36 2.75 11.31 1.45 0.3543
Pedestrian 0 0 -10 1493.25 725.84 1726.60 1094.19 0.75 0.69 1.55 2.95 2.03 6.85 1.49 0.3515
Pedestrian 0 0 -10 1068.53 767.77 1117.26 878.96 0.62 0.64 1.61 2.01 3.83 22.86 3.05 0.3111
Cyclist 0 0 -10 901.23 774.36 1061.44 924.11 0.98 1.97 1.74 0.24 3.68 18.91 -0.01 0.6065
Cyclist 0 0 -10 1092.63 734.52 1154.42 863.66 0.81 1.93 1.74 2.51 3.50 22.95 1.75 0.3082
Car 0 0 -10 0.00 645.51 600.26 1216.00 1.81 4.08 1.51 -2.83 1.55 2.35 0.02 0.7177
Car 0 0 -10 451.06 752.92 862.98 928.83 1.84 4.09 1.64 -3.16 3.10 16.18 -0.00 0.6682
Car 0 0 -10 625.69 780.11 893.40 891.82 1.76 3.87 1.46 -3.07 3.98 23.29 0.06 0.5554
Car 0 0 -10 693.95 790.61 900.34 880.28 1.78 3.87 1.52 -3.21 4.92 29.79 0.04 0.3394
Car 0 0 -10 0.00 761.74 171.19 845.37 1.64 4.29 1.41 -17.85 4.13 28.94 -3.11 0.3206
Car 0 0 -10 1399.29 726.18 1936.00 1040.18 1.86 4.21 1.72 5.31 2.52 10.43 0.22 0.3161
Car 0 0 -10 646.61 774.28 823.50 855.01 1.80 3.94 1.66 -5.28 5.28 35.29 -0.03 0.3063
