Pedestrian 0 0 -10 1056.75 783.76 1104.90 892.12 0.61 0.66 1.63 1.90 4.20 23.86 3.02 0.4543
Pedestrian 0 0 -10 1332.38 845.10 1439.69 1001.06 0.47 1.13 1.00 3.39 2.85 11.91 -0.95 0.3895
Pedestrian 0 0 -10 330.83 764.95 362.72 842.35 0.66 0.64 1.77 -14.79 5.18 36.01 2.87 0.3400
Cyclist 0 0 -10 922.28 765.02 1086.94 915.72 1.03 2.00 1.76 0.53 3.60 19.13 -0.08 0.4990
Car 0 0 -10 483.16 749.39 878.03 914.45 1.81 4.16 1.62 -3.12 3.14 17.20 0.05 0.8476
Car 0 0 -10 0.00 653.54 699.06 1216.00 1.83 4.16 1.52 -2.76 1.59 2.79 0.06 0.6322
Car 0 0 -10 644.15 781.59 901.48 891.64 1.82 3.90 1.51 -2.98 4.15 24.26 0.04 0.5501
Car 0 0 -10 697.89 788.15 899.48 874.38 1.77 3.89 1.50 -3.27 4.95 30.60 0.03 0.5087
Car 0 0 -10 1443.37 731.98 1936.00 1037.70 1.91 4.19 1.74 5.79 2.62 10.88 0.22 0.3977
Car 0 0 -10 0.00 747.56 129.54 834.41 1.67 4.18 1.41 -17.89 3.74 27.59 -3.13 0.3229
Car 0 0 -10 1738.58 839.99 1936.00 1058.64 1.59 3.44 1.36 8.55 3.30 12.43 2.99 0.3045
