Pedestrian 0 0 -10 1064.36 766.90 1110.66 876.67 0.64 0.66 1.63 1.97 3.89 23.44 3.12 0.4820
Pedestrian 0 0 -10 943.76 787.69 964.73 840.20 0.64 0.62 1.67 -0.24 7.15 50.04 2.99 0.4522
Pedestrian 0 0 -10 326.37 754.96 359.29 833.33 0.65 0.64 1.79 -14.81 4.94 35.83 2.90 0.3714
Cyclist 0 0 -10 928.30 769.25 1085.25 919.10 0.91 1.95 1.76 0.59 3.64 19.04 0.07 0.4312
Cyclist 0 0 -10 1094.57 731.48 1151.71 859.96 0.82 1.94 1.79 2.56 3.54 23.53 1.72 0.3887
Car 0 0 -10 1422.16 734.56 1936.00 1012.30 1.79 3.98 1.55 5.44 2.42 10.65 0.21 0.6827
Car 0 0 -10 0.00 443.55 810.82 1216.00 2.00 4.71 1.78 -2.78 1.61 2.63 0.09 0.6811
Car 0 0 -10 698.23 789.77 893.91 875.72 1.75 3.76 1.50 -3.30 4.94 30.37 0.01 0.6136
Car 0 0 -10 1083.31 772.85 1452.22 931.51 1.78 3.92 1.57 3.45 3.38 17.38 -0.00 0.6009
Car 0 0 -10 1133.24 773.40 1632.40 980.09 1.78 3.78 1.47 3.49 2.84 12.87 -0.02 0.5687
Car 0 0 -10 620.88 777.95 907.78 887.95 1.82 4.29 1.48 -3.05 4.01 23.77 0.03 0.4950
Car 0 0 -10 0.00 755.00 191.29 837.27 1.70 4.12 1.44 -17.90 4.12 29.91 3.13 0.4185
Car 0 0 -10 973.28 807.00 1125.13 877.67 1.82 3.78 1.56 2.31 6.55 39.88 -0.12 0.3855
Car 0 0 -10 646.90 780.92 821.96 856.62 1.79 3.98 1.54 -5.34 5.36 35.59 -0.06 0.3148
