Pedestrian 0 0 -10 941.12 788.48 962.95 843.37 0.63 0.61 1.65 -0.30 6.89 47.50 3.00 0.3640
Cyclist 0 0 -10 887.15 770.16 1047.85 918.96 0.84 1.92 1.71 0.06 3.60 18.87 -0.15 0.5996
Cyclist 0 0 -10 1100.39 729.42 1172.38 871.61 0.81 1.98 1.79 2.52 3.35 21.38 1.80 0.3989
Car 0 0 -10 597.05 781.76 886.78 898.12 1.76 3.97 1.44 -3.14 3.84 21.95 0.02 0.8633
Car 0 0 -10 292.22 711.89 841.57 936.74 2.01 4.72 1.87 -3.60 2.77 14.32 0.02 0.5876
Car 0 0 -10 681.81 786.21 891.03 878.29 1.75 3.72 1.49 -3.23 4.62 28.17 0.01 0.4997
Car 0 0 -10 629.12 780.22 796.33 854.71 1.76 3.82 1.54 -5.94 5.39 36.09 -0.06 0.4685
Car 0 0 -10 0.00 710.25 654.94 1152.64 1.81 4.02 1.51 -3.50 1.93 6.38 -0.01 0.3764
Car 0 0 -10 0.00 750.91 136.38 840.90 1.67 4.39 1.45 -17.85 3.84 27.51 3.11 0.3465
Car 0 0 -10 1562.54 766.49 1936.00 1036.05 1.74 3.70 1.56 6.63 2.74 11.23 0.23 0.3130
