Pedestrian 0 0 -10 1552.23 701.15 1813.58 1130.98 0.75 0.66 1.64 2.97 1.98 6.20 1.49 0.3995
Pedestrian 0 0 -10 1349.35 765.58 1472.82 1001.06 0.75 0.67 1.63 3.34 2.71 11.15 -1.51 0.3605
Pedestrian 0 0 -10 940.30 794.18 961.01 847.25 0.61 0.60 1.63 -0.35 7.18 48.60 3.00 0.3496
Pedestrian 0 0 -10 1073.97 764.70 1123.17 879.38 0.63 0.63 1.61 2.03 3.71 22.15 3.07 0.3351
Cyclist 0 0 -10 896.31 767.16 1058.24 916.90 0.90 1.96 1.73 0.18 3.57 18.78 -0.08 0.5880
Cyclist 0 0 -10 1093.25 733.30 1165.66 870.56 0.82 2.00 1.79 2.52 3.48 22.26 1.81 0.3370
Car 0 0 -10 449.75 756.88 874.33 935.99 1.82 4.02 1.58 -2.98 3.03 15.52 0.02 0.7095
Car 0 0 -10 609.47 790.71 892.47 907.46 1.80 4.03 1.49 -3.14 4.14 22.90 0.05 0.6906
Car 0 0 -10 690.00 787.68 893.76 881.83 1.78 3.67 1.54 -3.23 4.80 28.96 0.06 0.3355
Car 0 0 -10 0.00 756.35 153.66 841.18 1.62 4.24 1.40 -17.86 3.97 28.37 -3.10 0.3244
Car 0 0 -10 1436.84 732.73 1936.00 1083.84 1.85 4.12 1.73 5.28 2.52 9.64 0.25 0.3045
