Pedestrian 0 0 -10 936.61 780.72 962.01 836.62 0.64 0.64 1.64 -0.37 6.52 46.42 2.87 0.4345
Pedestrian 0 0 -10 1778.09 772.81 1936.00 1087.30 0.74 0.74 1.41 4.64 2.19 7.48 -1.47 0.3480
Pedestrian 0 0 -10 1081.17 756.95 1139.66 885.04 0.65 0.65 1.63 2.00 3.44 20.15 3.00 0.3312
Cyclist 0 0 -10 898.01 761.70 1059.04 914.78 0.86 1.91 1.73 0.19 3.45 18.28 -0.06 0.4036
Car 0 0 -10 1184.51 766.47 1827.70 1039.36 1.77 3.77 1.53 3.54 2.59 10.25 0.01 0.6954
Car 0 0 -10 1669.50 734.91 1936.00 1044.23 1.75 3.61 1.48 6.65 2.31 9.73 0.39 0.5076
Car 0 0 -10 600.54 773.55 784.82 855.31 1.77 3.86 1.53 -5.84 4.90 32.89 -0.10 0.4687
Car 0 0 -10 1047.47 790.72 1280.07 895.61 1.73 3.61 1.48 3.31 4.35 24.94 -0.03 0.3850
Car 0 0 -10 1113.04 777.65 1504.31 951.83 1.71 3.57 1.49 3.41 3.12 15.15 0.01 0.3302
Car 0 0 -10 671.08 788.60 887.08 884.68 1.75 3.73 1.50 -3.25 4.58 27.23 -0.01 0.3107
