Pedestrian 0 0 -10 1682.62 739.52 1870.02 1054.50 0.73 0.61 1.68 4.68 2.37 8.62 -1.75 0.3752
Pedestrian 0 0 -10 0.00 747.36 133.78 1032.26 0.67 0.72 1.30 -4.67 1.94 7.48 1.56 0.3376
Pedestrian 0 0 -10 945.49 771.88 977.33 852.55 0.65 0.64 1.65 -0.00 4.85 32.23 3.06 0.3150
Pedestrian 0 0 -10 892.36 791.24 914.54 853.00 0.65 0.66 1.79 -1.76 6.89 45.50 3.07 0.3091
Pedestrian 0 0 -10 906.48 772.73 940.23 854.99 0.65 0.69 1.67 -0.82 4.87 32.03 3.06 0.3086
Cyclist 0 0 -10 771.99 757.45 967.97 943.08 0.98 1.96 1.75 -0.98 3.20 15.68 -0.17 0.6096
Cyclist 0 0 -10 496.34 769.12 696.52 961.13 0.74 1.93 1.77 -3.82 3.36 15.68 -0.45 0.3131
Car 0 0 -10 98.20 747.31 794.48 1029.53 1.78 3.96 1.50 -3.14 2.38 9.78 -0.04 0.7964
Car 0 0 -10 0.00 675.94 599.83 1216.00 1.82 4.03 1.50 -2.94 1.63 3.01 -0.04 0.6785
Car 0 0 -10 395.95 767.55 800.57 949.33 1.82 3.81 1.59 -3.65 3.17 15.60 -0.04 0.5603
Car 0 0 -10 681.21 802.14 811.05 860.99 1.77 3.86 1.50 -6.56 7.06 45.82 -0.12 0.4499
