Pedestrian 0 0 -10 1250.70 759.29 1387.66 992.61 0.77 0.69 1.63 2.73 2.70 11.43 -1.89 0.4512
Pedestrian 0 0 -10 1362.27 703.32 1628.29 1189.74 0.63 0.75 1.68 1.98 1.99 5.62 3.05 0.4108
Pedestrian 0 0 -10 963.04 769.11 999.95 852.57 0.65 0.64 1.63 0.42 4.66 30.98 2.94 0.4097
Pedestrian 0 0 -10 908.95 767.37 944.95 848.03 0.64 0.65 1.58 -0.71 4.56 30.94 2.96 0.3421
Pedestrian 0 0 -10 1785.87 725.83 1936.00 1074.71 0.70 0.63 1.66 4.75 2.20 7.66 1.47 0.3095
Cyclist 0 0 -10 756.17 753.38 947.41 937.19 0.97 1.95 1.75 -1.17 3.16 15.72 -0.13 0.6513
Cyclist 0 0 -10 487.93 755.25 689.00 953.72 0.81 1.92 1.80 -3.76 3.17 15.08 -0.30 0.3660
Car 0 0 -10 0.00 745.93 785.33 1065.92 1.82 3.99 1.50 -3.11 2.29 8.73 -0.03 0.8043
Car 0 0 -10 0.00 653.97 522.85 1216.00 1.80 3.99 1.50 -2.97 1.56 2.44 -0.01 0.4773
Car 0 0 -10 365.79 757.97 804.03 953.79 1.88 4.00 1.67 -3.66 3.11 15.15 -0.04 0.4358
