Pedestrian 0 0 -10 297.81 784.98 362.06 898.01 0.66 0.71 1.71 -10.27 4.36 24.33 1.92 0.4748
Pedestrian 0 0 -10 481.67 784.62 540.71 911.29 0.60 0.67 1.63 -6.24 3.88 20.71 -0.50 0.4540
Pedestrian 0 0 -10 534.35 789.57 591.38 911.29 0.62 0.66 1.61 -5.70 4.01 21.38 -0.49 0.3339
Pedestrian 0 0 -10 437.19 785.63 497.90 894.02 0.63 0.65 1.56 -7.69 4.11 23.30 -0.95 0.3176
Pedestrian 0 0 -10 408.88 786.84 477.62 909.67 0.66 0.74 1.69 -7.77 4.18 22.42 -0.85 0.3131
Pedestrian 0 0 -10 739.06 750.88 815.39 922.77 0.67 0.69 1.62 -1.87 2.93 15.11 -0.24 0.3072
Cyclist 0 0 -10 626.28 761.05 753.11 896.81 0.76 1.94 1.77 -4.04 3.87 22.16 -2.47 0.5593
Cyclist 0 0 -10 1685.58 641.71 1936.00 1216.00 0.83 1.89 1.76 3.06 1.82 5.12 -1.01 0.4874
Car 0 0 -10 0.00 793.79 81.43 871.37 1.93 4.61 1.54 -25.77 6.14 39.01 2.76 0.5440
Car 0 0 -10 1189.21 724.21 1936.00 1097.66 1.81 3.97 1.65 3.42 2.27 8.25 -0.08 0.3265
