Pedestrian 0 0 -10 596.20 786.31 658.40 921.53 0.62 0.72 1.64 -4.37 3.79 19.53 -0.34 0.4327
Pedestrian 0 0 -10 879.67 748.06 961.30 947.46 0.68 0.73 1.73 -0.38 2.90 13.78 -0.05 0.4283
Pedestrian 0 0 -10 534.30 786.89 597.94 909.85 0.67 0.70 1.61 -5.64 3.98 21.35 -0.59 0.4035
Pedestrian 0 0 -10 644.14 785.70 708.13 919.51 0.63 0.72 1.65 -3.81 3.84 19.94 -0.40 0.3939
Pedestrian 0 0 -10 1576.08 603.56 1896.76 1216.00 0.66 0.63 1.67 2.15 1.61 4.23 0.16 0.3348
Pedestrian 0 0 -10 554.19 787.07 618.41 903.43 0.66 0.69 1.61 -5.66 4.11 22.56 -0.82 0.3131
Cyclist 0 0 -10 633.61 769.07 791.95 936.66 0.75 1.92 1.77 -3.02 3.60 18.11 -2.52 0.3577
Car 0 0 -10 1324.21 720.17 1936.00 1187.99 1.89 4.30 1.75 4.08 2.28 7.18 0.08 0.4253
Car 0 0 -10 0.00 803.98 176.24 894.62 1.99 4.76 1.62 -21.22 6.01 35.03 2.82 0.3725
Car 0 0 -10 45.93 815.90 238.90 887.07 1.84 4.51 1.58 -23.20 7.20 42.54 2.87 0.3362
