Pedestrian 0 0 -10 530.47 783.92 593.74 906.19 0.67 0.67 1.60 -5.66 3.90 21.19 -0.64 0.4540
Pedestrian 0 0 -10 648.01 779.93 710.55 914.45 0.61 0.71 1.67 -3.76 3.78 19.92 -0.40 0.3776
Pedestrian 0 0 -10 601.11 783.35 658.86 916.33 0.61 0.68 1.61 -4.32 3.72 19.49 -0.32 0.3675
Pedestrian 0 0 -10 923.09 742.56 1003.28 941.16 0.67 0.71 1.73 0.01 2.84 13.75 -0.04 0.3571
Pedestrian 0 0 -10 1070.13 789.11 1115.20 902.90 0.64 0.65 1.64 2.00 4.18 22.80 0.04 0.3463
Pedestrian 0 0 -10 474.06 782.72 534.98 905.08 0.67 0.66 1.61 -6.52 3.91 21.33 -0.60 0.3309
Cyclist 0 0 -10 619.28 780.58 785.08 950.51 0.75 1.90 1.76 -3.08 3.68 17.72 -2.62 0.4513
Car 0 0 -10 1387.66 719.43 1936.00 1216.00 1.87 4.16 1.75 4.22 2.27 6.89 0.17 0.7198
Car 0 0 -10 269.78 783.86 525.59 887.64 1.88 3.99 1.63 -10.30 4.66 27.53 0.02 0.3445
Car 0 0 -10 0.00 812.26 175.26 903.71 1.99 4.67 1.64 -21.21 6.23 35.02 2.85 0.3365
Car 0 0 -10 53.78 811.79 260.87 883.27 1.87 4.82 1.58 -22.56 7.03 42.16 2.92 0.3142
