Pedestrian 0 0 -10 663.56 778.94 733.36 933.03 0.62 0.71 1.68 -3.08 3.52 17.49 -0.34 0.3555
Pedestrian 0 0 -10 1339.61 774.42 1395.82 904.64 0.67 0.69 1.74 5.84 3.93 21.49 -1.14 0.3282
Pedestrian 0 0 -10 624.04 794.58 699.63 906.18 0.68 0.82 1.45 -4.28 3.93 21.39 -2.63 0.3209
Pedestrian 0 0 -10 580.50 780.31 656.38 922.37 0.63 0.72 1.68 -4.41 3.73 19.25 -0.84 0.3141
Pedestrian 0 0 -10 1016.14 745.64 1104.55 976.49 0.65 0.68 1.72 0.79 2.70 11.86 0.10 0.3073
Cyclist 0 0 -10 323.75 714.38 601.00 977.44 0.77 1.94 1.75 -3.74 2.47 11.19 -2.75 0.4907
Cyclist 0 0 -10 947.49 740.72 1221.86 994.66 0.90 1.92 1.74 0.91 2.66 11.37 -0.15 0.3652
Car 0 0 -10 131.73 797.38 343.72 868.72 1.84 4.79 1.56 -19.31 6.33 40.09 3.00 0.5682
Car 0 0 -10 1288.88 721.69 1936.00 1188.01 1.91 4.41 1.75 4.02 2.29 7.19 -0.08 0.4869
Car 0 0 -10 0.00 796.27 248.62 884.49 1.96 4.64 1.57 -18.60 5.53 33.21 2.98 0.3867
