Pedestrian 0 0 -10 1057.66 746.27 1157.07 991.64 0.62 0.67 1.65 1.03 2.54 10.68 0.03 0.4359
Pedestrian 0 0 -10 1011.49 741.01 1097.36 968.35 0.63 0.65 1.70 0.75 2.65 11.87 0.11 0.4181
Pedestrian 0 0 -10 677.41 774.90 743.50 928.52 0.61 0.67 1.68 -2.95 3.49 17.57 -0.33 0.3842
Pedestrian 0 0 -10 582.69 777.74 651.64 914.94 0.60 0.64 1.61 -4.36 3.59 18.93 -0.71 0.3472
Pedestrian 0 0 -10 528.31 772.48 583.99 913.55 0.62 0.60 1.61 -4.93 3.45 18.21 -0.18 0.3451
Pedestrian 0 0 -10 554.45 794.63 624.50 927.90 0.63 0.66 1.64 -4.97 3.96 19.99 -0.93 0.3179
Cyclist 0 0 -10 286.69 702.33 572.92 969.64 0.76 1.89 1.72 -3.80 2.31 10.70 -2.78 0.3491
Car 0 0 -10 126.04 799.32 335.86 871.45 1.81 4.67 1.58 -19.30 6.35 39.69 3.02 0.4540
Car 0 0 -10 0.00 763.73 98.04 840.37 1.85 4.05 1.81 -25.84 5.65 40.31 -0.08 0.3759
Car 0 0 -10 0.00 802.98 248.83 893.32 2.00 4.60 1.59 -18.60 5.72 33.27 2.96 0.3279
