Pedestrian 0 0 -10 1272.58 723.71 1426.83 1049.95 0.69 0.69 1.69 2.14 2.26 8.31 0.03 0.5136
Pedestrian 0 0 -10 607.29 762.75 685.49 940.48 0.61 0.68 1.67 -3.17 3.09 15.06 -0.37 0.3294
Pedestrian 0 0 -10 144.05 784.86 178.01 853.75 0.70 0.58 1.73 -21.28 6.03 39.78 3.03 0.3251
Cyclist 0 0 -10 1019.83 730.89 1348.43 1026.70 0.97 1.99 1.77 1.45 2.52 9.97 -0.11 0.4269
Cyclist 0 0 -10 0.00 877.86 145.34 1216.00 0.82 1.96 1.80 -6.64 3.73 10.41 1.59 0.3304
Car 0 0 -10 0.00 795.83 283.89 885.74 1.89 4.81 1.53 -16.70 5.15 30.60 3.08 0.6324
Car 0 0 -10 266.25 802.22 451.65 862.49 1.81 4.85 1.51 -18.06 6.98 45.01 3.06 0.4357
Car 0 0 -10 147.61 800.04 366.79 876.77 1.79 4.60 1.55 -17.39 6.04 37.12 2.99 0.4052
Car 0 0 -10 1661.10 693.32 1936.00 1216.00 1.83 3.99 1.59 4.72 1.93 5.59 -0.51 0.3908
Car 0 0 -10 179.35 757.60 374.58 841.57 2.19 4.95 2.23 -20.67 6.38 45.37 3.03 0.3667
