Pedestrian 0 0 -10 661.01 765.07 722.95 925.23 0.61 0.65 1.65 -2.94 3.21 16.35 -0.17 0.4246
Pedestrian 0 0 -10 1381.58 739.31 1466.12 878.80 0.69 0.76 1.64 5.86 3.13 18.97 -2.16 0.3531
Pedestrian 0 0 -10 1199.74 737.76 1325.57 1015.39 0.63 0.68 1.62 1.87 2.35 9.34 0.04 0.3307
Pedestrian 0 0 -10 613.24 761.80 680.76 931.76 0.62 0.66 1.68 -3.29 3.14 15.68 -0.15 0.3096
Cyclist 0 0 -10 0.00 675.10 281.68 1090.84 0.74 1.88 1.68 -4.11 1.92 6.63 -3.04 0.3198
Car 0 0 -10 1330.31 730.78 1936.00 1216.00 1.85 4.28 1.63 4.13 2.23 7.07 -0.27 0.7907
Car 0 0 -10 10.73 797.03 274.64 892.81 1.95 4.53 1.64 -17.28 5.45 31.78 2.97 0.5609
Car 0 0 -10 281.62 799.48 447.57 861.21 1.83 4.54 1.65 -18.82 7.30 47.32 3.06 0.5433
Car 0 0 -10 187.89 800.04 386.55 870.15 1.79 4.56 1.55 -18.07 6.41 40.26 3.00 0.3945
Car 0 0 -10 605.93 790.94 815.02 877.79 1.79 3.97 1.51 -5.15 5.07 31.04 -3.07 0.3306
