Pedestrian 0 0 -10 1152.23 735.24 1288.73 1016.40 0.63 0.75 1.65 1.61 2.36 9.35 0.01 0.5476
Pedestrian 0 0 -10 1378.05 771.48 1446.50 907.57 0.64 0.66 1.64 5.86 3.59 19.44 -2.46 0.3474
Pedestrian 0 0 -10 561.82 761.90 630.69 917.44 0.64 0.70 1.70 -4.29 3.35 17.58 -0.39 0.3356
Pedestrian 0 0 -10 1436.81 759.30 1502.45 893.48 0.63 0.65 1.59 6.47 3.34 19.04 -2.55 0.3353
Pedestrian 0 0 -10 633.81 779.69 693.93 900.59 0.60 0.73 1.59 -4.25 3.85 21.35 -2.17 0.3279
Pedestrian 0 0 -10 656.12 770.83 719.69 929.26 0.60 0.65 1.63 -2.97 3.25 16.31 -0.13 0.3010
Cyclist 0 0 -10 0.00 687.17 288.85 1115.07 0.76 1.91 1.72 -4.13 2.03 6.78 -2.91 0.5515
Car 0 0 -10 0.00 804.38 259.06 895.80 1.92 4.70 1.56 -17.85 5.57 32.08 2.97 0.4556
Car 0 0 -10 283.47 796.61 452.92 860.20 1.87 4.69 1.72 -18.86 7.33 47.71 3.05 0.4242
Car 0 0 -10 1330.41 728.46 1936.00 1211.08 1.84 4.23 1.67 4.12 2.26 7.07 -0.20 0.3950
Car 0 0 -10 169.90 808.76 377.20 879.90 1.79 4.64 1.54 -18.08 6.54 39.48 3.03 0.3307
