Pedestrian 0 0 -10 1237.25 733.65 1383.84 1036.18 0.68 0.74 1.64 2.02 2.30 8.73 0.08 0.5520
Pedestrian 0 0 -10 639.15 766.24 707.52 937.33 0.64 0.69 1.67 -3.01 3.19 15.64 -0.20 0.4352
Pedestrian 0 0 -10 1112.86 738.82 1224.41 1009.48 0.64 0.69 1.69 1.37 2.48 9.96 0.06 0.4241
Pedestrian 0 0 -10 546.79 771.37 615.64 900.66 0.59 0.71 1.56 -4.97 3.52 19.56 -2.37 0.3899
Pedestrian 0 0 -10 584.11 763.18 649.53 920.30 0.61 0.67 1.66 -3.90 3.26 16.91 -0.31 0.3636
Pedestrian 0 0 -10 640.93 786.40 708.10 909.10 0.64 0.80 1.39 -3.61 3.48 18.79 -2.03 0.3533
Pedestrian 0 0 -10 547.13 758.48 626.43 911.35 0.64 0.77 1.71 -4.51 3.36 18.00 -0.55 0.3061
Car 0 0 -10 0.00 800.94 281.16 893.79 1.95 4.84 1.57 -17.22 5.44 31.60 2.99 0.5961
Car 0 0 -10 274.27 802.50 451.71 861.28 1.78 4.69 1.51 -18.13 7.03 45.48 3.09 0.5371
Car 0 0 -10 1435.10 719.57 1936.00 1216.00 1.82 3.90 1.71 4.26 2.19 6.33 -0.19 0.4469
Car 0 0 -10 135.76 809.74 355.17 887.05 1.86 4.65 1.59 -18.01 6.41 37.81 3.01 0.3145
