Pedestrian 0 0 -10 1107.58 737.41 1214.31 1000.79 0.62 0.67 1.66 1.33 2.44 10.06 0.07 0.4706
Pedestrian 0 0 -10 546.50 759.42 621.99 910.21 0.65 0.73 1.70 -4.59 3.38 18.20 -0.55 0.4444
Pedestrian 0 0 -10 557.84 777.13 626.36 903.63 0.62 0.76 1.55 -4.94 3.63 19.99 -2.27 0.4151
Pedestrian 0 0 -10 1011.85 749.33 1043.91 844.76 0.58 0.54 1.70 1.23 4.04 27.75 3.08 0.3656
Pedestrian 0 0 -10 629.17 771.21 698.87 935.63 0.62 0.70 1.61 -3.12 3.18 15.68 -0.20 0.3392
Pedestrian 0 0 -10 1226.61 735.18 1377.36 1029.67 0.68 0.73 1.64 2.02 2.32 8.94 -0.04 0.3267
Car 0 0 -10 0.00 800.89 277.01 894.59 1.98 4.78 1.57 -17.26 5.44 31.55 2.98 0.7231
Car 0 0 -10 1428.36 720.34 1936.00 1216.00 1.78 3.96 1.63 4.30 2.14 6.58 -0.27 0.6006
Car 0 0 -10 134.87 810.69 354.43 887.84 1.85 4.66 1.59 -18.04 6.44 37.83 3.02 0.3856
Car 0 0 -10 267.14 800.40 440.00 864.28 1.94 4.54 1.66 -18.63 7.19 46.00 3.08 0.3579
