Pedestrian 0 0 -10 1143.77 735.47 1263.35 1026.83 0.64 0.70 1.67 1.51 2.38 9.23 0.20 0.4701
Pedestrian 0 0 -10 643.89 757.04 719.60 939.04 0.63 0.71 1.71 -2.82 3.08 15.05 -0.25 0.3929
Pedestrian 0 0 -10 527.38 749.33 609.32 935.56 0.67 0.73 1.67 -3.76 2.90 14.35 -0.21 0.3760
Pedestrian 0 0 -10 493.17 758.79 558.77 919.05 0.64 0.68 1.72 -4.99 3.29 17.13 -0.35 0.3616
Pedestrian 0 0 -10 655.58 767.14 722.12 913.89 0.61 0.68 1.59 -3.19 3.30 17.50 -2.01 0.3334
Pedestrian 0 0 -10 127.37 800.93 166.59 865.38 0.69 0.62 1.59 -21.24 6.22 39.01 -1.58 0.3194
Pedestrian 0 0 -10 1061.34 952.93 1124.71 1117.27 0.64 0.47 1.59 1.37 5.07 15.65 1.61 0.3009
Cyclist 0 0 -10 1495.62 781.72 1604.48 970.28 0.82 1.91 1.74 6.46 3.58 16.51 1.78 0.3440
Car 0 0 -10 232.40 798.52 422.96 868.90 1.88 4.61 1.57 -17.55 6.57 41.63 2.94 0.5825
Car 0 0 -10 1670.74 680.46 1936.00 1216.00 1.85 4.15 1.64 4.64 1.89 4.94 -0.40 0.5126
Car 0 0 -10 0.00 799.12 260.81 896.46 1.85 4.45 1.63 -16.73 5.26 30.04 3.07 0.4259
