Pedestrian 0 0 -10 488.68 752.96 553.69 917.40 0.63 0.66 1.74 -4.98 3.23 16.92 -0.36 0.4418
Pedestrian 0 0 -10 1171.78 715.89 1299.27 1005.64 0.65 0.67 1.61 1.62 2.18 8.89 0.05 0.3503
Pedestrian 0 0 -10 606.65 775.03 668.25 897.27 0.57 0.71 1.52 -4.36 3.58 20.12 -2.21 0.3297
Pedestrian 0 0 -10 525.21 759.67 600.21 937.23 0.69 0.73 1.72 -4.14 3.16 15.57 -0.22 0.3101
Cyclist 0 0 -10 1436.35 700.23 1711.87 1171.67 0.88 1.93 1.77 2.77 2.18 6.99 -1.35 0.3011
Car 0 0 -10 0.00 792.23 262.10 887.04 1.81 4.90 1.55 -16.63 4.97 29.40 3.07 0.4420
Car 0 0 -10 140.39 796.16 364.00 876.11 1.85 4.64 1.62 -17.39 5.99 36.88 3.00 0.4205
Car 0 0 -10 235.15 797.54 430.91 867.26 1.81 4.72 1.60 -17.41 6.55 41.64 3.00 0.3430
Car 0 0 -10 94.41 738.87 335.22 853.80 2.31 5.31 2.79 -19.96 5.95 40.21 3.08 0.3196
Car 0 0 -10 1601.54 851.81 1914.51 1039.20 1.86 4.05 1.47 9.79 4.63 18.77 1.60 0.3048
