Pedestrian 0 0 -10 467.77 746.33 551.22 937.89 0.65 0.70 1.72 -4.32 2.92 14.33 -0.19 0.5529
Pedestrian 0 0 -10 1714.20 682.13 1936.00 1153.92 0.67 0.80 1.70 3.50 1.94 5.87 0.10 0.3827
Pedestrian 0 0 -10 612.98 775.14 701.48 951.18 0.59 0.72 1.61 -3.03 3.15 14.91 -2.27 0.3729
Pedestrian 0 0 -10 375.04 797.65 408.01 871.47 0.70 0.67 1.75 -14.35 6.15 37.69 -1.81 0.3184
Pedestrian 0 0 -10 654.75 787.60 720.57 940.05 0.59 0.71 1.54 -3.01 3.37 16.45 -1.94 0.3162
Pedestrian 0 0 -10 1525.39 749.70 1631.15 970.13 0.69 0.68 1.73 5.18 2.81 12.58 -2.98 0.3143
Car 0 0 -10 106.21 793.87 346.00 878.64 1.87 4.55 1.60 -16.70 5.60 34.17 3.03 0.5452
Car 0 0 -10 0.00 792.92 225.49 898.22 1.98 4.83 1.57 -16.51 4.82 27.66 3.01 0.5181
Car 0 0 -10 736.64 770.73 859.95 828.26 1.80 3.97 1.71 -5.44 6.70 50.22 3.12 0.5076
Car 0 0 -10 0.00 751.57 183.78 854.80 2.00 4.70 1.91 -19.24 4.67 31.47 3.10 0.3591
