Pedestrian 0 0 -10 1737.26 689.50 1936.00 1167.69 0.66 0.72 1.68 3.49 1.95 5.75 0.17 0.5961
Pedestrian 0 0 -10 462.09 745.94 545.84 935.15 0.64 0.68 1.69 -4.33 2.87 14.20 -0.15 0.4462
Pedestrian 0 0 -10 658.12 771.63 720.28 926.18 0.60 0.72 1.56 -2.98 3.21 16.34 -1.86 0.4145
Pedestrian 0 0 -10 1259.45 708.78 1422.97 1050.93 0.69 0.76 1.72 2.03 2.19 8.07 0.10 0.4069
Pedestrian 0 0 -10 543.09 745.47 654.40 968.76 0.61 0.72 1.73 -3.04 2.77 12.53 -0.66 0.3809
Pedestrian 0 0 -10 1480.24 722.73 1584.84 954.08 0.67 0.74 1.72 4.58 2.54 11.98 -2.71 0.3215
Car 0 0 -10 734.60 773.25 861.87 830.70 1.79 4.01 1.69 -5.43 6.77 50.16 -3.09 0.5425
Car 0 0 -10 0.00 788.01 232.30 892.28 1.98 4.95 1.56 -16.44 4.71 27.66 3.02 0.5052
Car 0 0 -10 80.97 796.45 336.42 879.98 1.87 4.75 1.55 -16.74 5.51 33.45 3.06 0.4957
Car 0 0 -10 894.86 784.94 1076.70 870.75 1.81 3.94 1.64 0.60 5.41 34.09 -3.00 0.3263
Car 0 0 -10 0.00 762.58 200.85 863.68 1.97 4.83 1.81 -18.59 4.75 30.82 3.10 0.3083
