Pedestrian 0 0 -10 480.97 748.61 562.24 937.77 0.67 0.69 1.72 -4.25 2.95 14.50 -0.19 0.4174
Pedestrian 0 0 -10 1662.60 683.37 1936.00 1125.93 0.68 0.76 1.67 3.39 1.92 6.10 0.04 0.3955
Pedestrian 0 0 -10 1243.67 688.82 1399.48 1018.50 0.66 0.67 1.68 1.94 2.04 8.10 -0.03 0.3556
Pedestrian 0 0 -10 636.41 791.47 698.26 951.96 0.60 0.74 1.53 -3.06 3.31 15.55 -1.81 0.3358
Pedestrian 0 0 -10 451.30 754.72 526.12 922.61 0.63 0.72 1.70 -5.09 3.14 16.14 -0.23 0.3324
Pedestrian 0 0 -10 574.68 744.64 680.72 959.01 0.60 0.71 1.74 -2.92 2.82 13.10 -0.70 0.3262
Pedestrian 0 0 -10 1081.38 765.90 1141.65 895.82 0.64 0.72 1.61 2.01 3.54 19.99 -1.22 0.3087
Car 0 0 -10 0.00 796.01 236.66 895.43 1.95 4.82 1.53 -16.56 4.89 28.22 3.05 0.4922
Car 0 0 -10 738.13 774.34 858.99 830.23 1.84 3.94 1.66 -5.47 6.82 50.66 3.11 0.3842
Car 0 0 -10 0.00 758.37 235.01 854.05 2.02 4.76 1.86 -19.23 4.98 33.75 -3.05 0.3668
Car 0 0 -10 589.20 830.53 839.91 944.83 1.89 4.22 1.52 -4.56 5.55 27.66 -2.74 0.3467
Car 0 0 -10 170.45 792.35 392.78 869.24 1.77 4.70 1.59 -16.75 5.87 37.04 3.03 0.3275
Car 0 0 -10 895.69 793.52 1070.51 873.36 1.81 3.94 1.56 0.55 5.60 34.77 0.09 0.3255
Car 0 0 -10 288.69 801.05 458.56 862.22 1.75 4.43 1.52 -17.51 6.92 44.73 3.03 0.3151
