Pedestrian 0 0 -10 448.84 750.76 527.94 916.79 0.66 0.75 1.69 -5.12 3.09 16.22 -0.20 0.3786
Pedestrian 0 0 -10 553.31 769.87 612.14 910.80 0.64 0.75 1.52 -4.43 3.26 17.49 -1.85 0.3680
Pedestrian 0 0 -10 1237.86 718.97 1400.58 1050.36 0.64 0.72 1.69 1.93 2.23 8.15 -0.03 0.3568
Pedestrian 0 0 -10 1667.32 693.09 1930.38 1130.94 0.66 0.71 1.65 3.38 1.94 6.09 0.03 0.3459
Pedestrian 0 0 -10 483.79 750.25 563.30 931.62 0.68 0.74 1.68 -4.33 2.96 14.84 -0.26 0.3141
Car 0 0 -10 168.50 793.51 395.53 871.73 1.79 4.79 1.62 -16.72 5.92 36.99 3.04 0.5411
Car 0 0 -10 0.00 795.45 242.55 893.15 1.97 4.77 1.53 -16.60 4.92 28.57 3.07 0.4952
Car 0 0 -10 739.68 774.03 859.34 830.40 1.83 3.97 1.69 -5.49 6.88 51.12 3.09 0.4209
Car 0 0 -10 0.00 771.18 241.13 857.55 2.00 4.75 1.70 -19.24 5.13 34.02 -3.12 0.3507
Car 0 0 -10 288.69 801.24 459.43 862.67 1.77 4.45 1.52 -17.50 6.93 44.73 3.03 0.3301
