Pedestrian 0 0 -10 1308.42 701.01 1506.23 1055.38 0.66 0.76 1.63 2.19 2.03 7.40 -0.05 0.5007
Pedestrian 0 0 -10 459.35 746.73 531.77 913.32 0.60 0.70 1.63 -4.86 2.93 15.59 -0.33 0.4142
Pedestrian 0 0 -10 970.81 797.94 1063.61 1064.54 0.62 0.59 1.63 0.38 2.81 9.90 0.06 0.3631
Pedestrian 0 0 -10 251.47 753.92 330.60 925.65 0.61 0.67 1.65 -6.92 3.02 15.44 -0.55 0.3535
Pedestrian 0 0 -10 383.33 743.24 471.06 945.10 0.67 0.74 1.71 -4.86 2.83 13.63 -0.33 0.3442
Pedestrian 0 0 -10 410.60 738.06 537.85 974.90 0.62 0.77 1.65 -3.70 2.55 11.36 -0.62 0.3030
Car 0 0 -10 728.19 776.18 858.33 834.19 1.78 3.97 1.65 -5.45 6.69 48.81 -3.07 0.7389
Car 0 0 -10 185.44 792.19 401.98 867.87 1.84 4.66 1.60 -16.79 5.96 37.81 3.04 0.3916
Car 0 0 -10 62.05 792.21 331.20 881.58 1.94 4.67 1.59 -16.02 5.23 31.51 3.12 0.3363
Car 0 0 -10 0.00 790.63 222.08 894.46 1.90 4.98 1.52 -15.99 4.56 26.34 3.10 0.3083
