Pedestrian 0 0 -10 619.00 774.94 724.25 936.41 0.59 0.86 1.47 -2.91 3.03 15.03 2.45 0.4873
Pedestrian 0 0 -10 586.34 771.06 690.80 953.75 0.57 0.76 1.54 -2.98 2.94 13.83 2.41 0.4708
Pedestrian 0 0 -10 513.45 729.25 628.80 962.05 0.60 0.73 1.71 -3.09 2.57 11.85 -0.58 0.3748
Pedestrian 0 0 -10 400.40 733.49 488.30 928.14 0.64 0.67 1.68 -4.74 2.71 13.73 -0.17 0.3641
Pedestrian 0 0 -10 1566.19 706.52 1730.92 1003.34 0.67 0.79 1.75 4.31 2.29 9.43 -3.00 0.3562
Pedestrian 0 0 -10 1303.73 691.19 1504.30 1045.06 0.69 0.80 1.66 2.19 2.01 7.49 0.01 0.3535
Cyclist 0 0 -10 1298.26 697.78 1512.92 1145.70 0.90 1.98 1.80 2.26 2.22 7.45 -1.23 0.4101
Car 0 0 -10 730.73 775.77 859.49 834.52 1.80 3.94 1.68 -5.40 6.71 48.88 -3.08 0.6078
Car 0 0 -10 0.00 793.83 215.86 899.78 1.94 4.80 1.51 -15.99 4.62 26.29 3.05 0.4908
Car 0 0 -10 221.79 794.70 425.80 866.12 1.79 4.66 1.58 -16.83 6.21 39.67 3.03 0.3979
