Pedestrian 0 0 -10 526.73 736.64 641.69 969.70 0.59 0.68 1.73 -3.01 2.65 11.96 -0.85 0.4340
Pedestrian 0 0 -10 614.26 787.69 705.15 944.62 0.57 0.77 1.45 -3.06 3.15 15.17 2.63 0.4159
Pedestrian 0 0 -10 1301.35 682.34 1470.27 1037.97 0.67 0.66 1.67 2.11 1.98 7.49 0.02 0.4034
Pedestrian 0 0 -10 598.79 764.77 708.91 957.06 0.63 0.82 1.61 -2.84 2.95 13.79 -2.40 0.3392
Pedestrian 0 0 -10 430.46 739.55 522.17 939.92 0.68 0.72 1.74 -4.48 2.84 13.85 -0.16 0.3312
Cyclist 0 0 -10 337.12 784.06 546.99 1087.84 0.83 1.90 1.76 -3.62 3.00 10.63 -1.57 0.3738
Car 0 0 -10 732.36 775.72 859.86 835.20 1.79 3.91 1.71 -5.45 6.82 49.60 -3.04 0.6065
Car 0 0 -10 194.33 797.34 408.93 871.74 1.85 4.67 1.61 -16.79 6.14 38.23 3.10 0.3482
Car 0 0 -10 0.00 799.91 42.20 929.42 1.88 4.54 1.49 -15.90 4.10 21.20 3.08 0.3283
Car 0 0 -10 74.72 791.72 340.42 881.09 1.98 4.89 1.65 -16.65 5.49 33.24 3.06 0.3229
Car 0 0 -10 0.00 790.28 218.48 893.36 1.90 4.78 1.50 -15.99 4.54 26.42 3.07 0.3227
Car 0 0 -10 276.92 793.72 461.33 859.26 1.78 4.59 1.58 -16.88 6.54 42.79 3.06 0.3214
