Pedestrian 0 0 -10 522.24 724.68 636.88 959.26 0.59 0.70 1.73 -3.04 2.56 11.89 -0.68 0.5524
Pedestrian 0 0 -10 624.92 795.42 725.32 946.99 0.57 0.81 1.36 -2.87 3.13 15.02 2.37 0.4280
Pedestrian 0 0 -10 427.15 728.98 513.78 933.12 0.66 0.67 1.78 -4.51 2.76 13.78 -0.17 0.3855
Pedestrian 0 0 -10 1290.01 697.43 1481.63 1056.09 0.68 0.78 1.68 2.10 2.06 7.48 0.02 0.3309
Pedestrian 0 0 -10 587.53 766.87 692.41 953.11 0.59 0.77 1.56 -2.95 2.91 13.74 -2.46 0.3220
Cyclist 0 0 -10 333.41 807.08 545.13 1117.75 0.82 1.94 1.76 -3.63 3.17 10.59 -1.57 0.3478
Cyclist 0 0 -10 1299.13 702.71 1511.89 1148.11 0.89 1.98 1.79 2.21 2.24 7.48 -1.29 0.3106
Car 0 0 -10 729.73 775.33 857.82 834.07 1.78 3.89 1.67 -5.45 6.69 48.90 -3.06 0.7172
Car 0 0 -10 0.00 788.55 216.06 894.37 1.92 4.73 1.54 -16.04 4.56 26.46 3.06 0.5755
Car 0 0 -10 221.40 795.26 425.58 866.53 1.80 4.65 1.58 -16.83 6.22 39.65 3.04 0.4232
