Pedestrian 0 0 -10 1080.94 751.54 1163.01 944.85 0.59 0.64 1.59 1.42 2.74 13.16 0.26 0.4093
Pedestrian 0 0 -10 441.16 747.42 517.16 915.76 0.60 0.68 1.65 -4.99 2.95 15.51 -0.18 0.3999
Pedestrian 0 0 -10 1059.28 743.43 1120.79 892.75 0.61 0.67 1.57 1.42 2.91 16.56 0.06 0.3771
Pedestrian 0 0 -10 372.67 727.94 476.55 963.90 0.63 0.64 1.67 -4.03 2.47 11.27 -0.17 0.3654
Pedestrian 0 0 -10 574.02 767.99 666.45 958.17 0.59 0.69 1.52 -3.00 2.82 13.12 -2.14 0.3071
Pedestrian 0 0 -10 1635.27 626.69 1840.01 1009.09 0.70 0.93 1.91 4.14 1.92 7.99 -2.64 0.3026
Cyclist 0 0 -10 1585.18 735.88 1936.00 1138.45 0.92 1.92 1.77 4.56 2.46 8.23 -2.07 0.3321
Car 0 0 -10 728.46 777.74 860.26 835.44 1.79 3.99 1.62 -5.40 6.70 48.66 -3.05 0.6793
Car 0 0 -10 0.00 790.62 220.30 896.29 1.91 5.00 1.54 -16.01 4.57 26.28 3.09 0.4943
Car 0 0 -10 183.11 791.73 402.32 867.44 1.84 4.71 1.61 -16.81 5.95 37.78 3.06 0.4338
Car 0 0 -10 39.03 788.68 317.97 875.32 1.91 4.95 1.54 -16.68 5.18 32.08 3.07 0.3368
