Pedestrian 0 0 -10 1319.30 694.56 1494.84 1044.93 0.66 0.69 1.65 2.22 2.01 7.50 0.02 0.4761
Pedestrian 0 0 -10 457.57 757.23 536.62 923.37 0.61 0.74 1.63 -4.86 3.05 15.68 -0.22 0.3855
Pedestrian 0 0 -10 505.48 731.36 636.10 967.67 0.62 0.78 1.69 -3.04 2.56 11.66 -0.77 0.3762
Pedestrian 0 0 -10 390.56 742.97 486.06 943.59 0.68 0.72 1.72 -4.77 2.83 13.69 -0.17 0.3748
Car 0 0 -10 729.18 776.09 859.81 834.37 1.81 3.95 1.64 -5.40 6.67 48.69 -3.05 0.6615
Car 0 0 -10 0.00 789.34 237.26 895.50 1.91 4.84 1.59 -16.03 4.70 27.13 3.05 0.4491
Car 0 0 -10 0.00 800.84 45.61 929.03 1.87 4.57 1.48 -15.87 4.10 21.22 3.09 0.3711
Car 0 0 -10 109.62 788.51 355.58 870.83 1.82 4.78 1.59 -16.76 5.50 34.59 3.05 0.3622
Car 0 0 -10 711.74 786.95 867.98 853.14 1.84 4.10 1.59 -4.70 6.18 41.45 0.01 0.3601
Car 0 0 -10 235.03 793.05 432.45 862.93 1.79 4.57 1.58 -16.83 6.24 40.27 3.05 0.3567
