Pedestrian 0 0 -10 516.95 737.87 633.21 974.34 0.60 0.69 1.74 -3.07 2.67 11.90 -0.75 0.4789
Pedestrian 0 0 -10 611.54 799.00 712.44 949.53 0.57 0.83 1.35 -3.01 3.16 15.03 2.49 0.4194
Pedestrian 0 0 -10 701.68 893.85 751.94 985.28 0.66 0.76 1.56 -4.52 6.83 28.82 2.59 0.4164
Pedestrian 0 0 -10 429.62 741.98 516.38 942.38 0.66 0.67 1.74 -4.50 2.85 13.81 -0.17 0.3867
Cyclist 0 0 -10 331.05 825.52 536.76 1135.24 0.82 1.91 1.74 -3.68 3.30 10.62 1.55 0.4067
Car 0 0 -10 731.65 775.81 863.84 834.70 1.81 4.02 1.66 -5.36 6.75 49.28 -3.02 0.6455
Car 0 0 -10 0.00 792.21 229.24 894.75 1.89 5.20 1.48 -15.98 4.55 26.35 3.08 0.5882
Car 0 0 -10 220.65 794.53 425.30 865.95 1.80 4.67 1.57 -16.84 6.20 39.63 3.03 0.3957
Car 0 0 -10 0.00 793.68 43.39 925.27 1.87 4.59 1.51 -15.89 4.02 21.17 3.05 0.3314
Car 0 0 -10 105.71 790.03 355.64 872.67 1.84 4.85 1.58 -16.77 5.53 34.53 3.03 0.3266
