Pedestrian 0 0 -10 451.18 752.97 521.18 922.18 0.59 0.61 1.66 -4.91 3.01 15.48 -0.15 0.3633
Pedestrian 0 0 -10 369.94 744.10 459.09 946.03 0.63 0.63 1.69 -4.85 2.78 13.28 -0.16 0.3632
Pedestrian 0 0 -10 1784.09 694.19 1936.00 1077.61 0.72 0.81 1.77 4.69 2.14 7.52 -2.88 0.3545
Pedestrian 0 0 -10 602.61 765.08 699.50 943.64 0.57 0.69 1.51 -2.86 2.85 13.79 2.46 0.3337
Pedestrian 0 0 -10 1369.55 658.07 1583.48 1044.52 0.69 0.70 1.68 2.37 1.84 6.95 -0.15 0.3021
Pedestrian 0 0 -10 1636.57 683.14 1875.82 1088.26 0.68 0.77 1.74 3.64 2.03 6.91 -3.06 0.3011
Cyclist 0 0 -10 1416.70 849.97 1725.24 1100.52 0.72 2.13 1.75 4.72 3.57 11.65 -0.06 0.4668
Car 0 0 -10 726.15 777.89 853.65 837.22 1.79 3.83 1.66 -5.46 6.67 47.95 -3.10 0.7644
Car 0 0 -10 58.60 792.40 321.00 881.58 1.92 4.70 1.61 -16.69 5.39 32.56 3.05 0.4327
Car 0 0 -10 0.00 793.91 192.84 902.28 1.94 4.60 1.52 -15.96 4.54 25.59 3.07 0.3892
Car 0 0 -10 236.62 793.26 433.75 862.71 1.81 4.57 1.58 -16.83 6.25 40.36 3.06 0.3627
