Pedestrian 0 0 -10 1385.69 630.05 1603.49 1023.53 0.70 0.72 1.70 2.42 1.73 6.85 -0.06 0.4153
Pedestrian 0 0 -10 1692.70 660.61 1936.00 1175.45 0.71 0.91 1.78 3.37 1.93 5.69 -2.92 0.3910
Pedestrian 0 0 -10 1292.60 845.65 1374.38 1019.91 0.60 0.62 1.47 3.41 3.54 13.72 -3.11 0.3284
Pedestrian 0 0 -10 431.64 753.16 506.08 920.16 0.58 0.66 1.63 -5.08 2.99 15.47 -0.18 0.3165
Pedestrian 0 0 -10 441.88 739.90 524.09 947.15 0.65 0.58 1.70 -4.16 2.73 13.04 -0.14 0.3072
Cyclist 0 0 -10 1588.50 722.22 1886.55 1016.01 0.87 1.98 1.75 5.43 2.51 10.63 -1.74 0.3967
Car 0 0 -10 704.37 777.43 837.45 837.41 1.77 3.93 1.66 -5.97 6.57 47.20 -3.10 0.7251
Car 0 0 -10 0.00 802.28 230.05 900.59 1.99 3.93 1.48 -16.12 4.94 27.98 3.05 0.4286
Car 0 0 -10 0.00 786.81 126.97 861.51 1.85 3.89 1.58 -23.94 5.89 38.53 -0.19 0.3359
Car 0 0 -10 187.48 791.71 397.25 865.67 1.79 4.50 1.57 -16.82 5.90 37.78 3.04 0.3105
