Pedestrian 0 0 -10 1692.25 642.04 1936.00 1169.40 0.71 0.87 1.83 3.33 1.90 5.65 -2.96 0.3735
Pedestrian 0 0 -10 448.63 741.35 524.61 948.62 0.63 0.55 1.71 -4.14 2.75 13.08 -0.17 0.3504
Pedestrian 0 0 -10 1447.97 704.95 1640.75 1092.10 0.65 0.73 1.63 2.65 2.02 6.86 0.20 0.3388
Pedestrian 0 0 -10 335.95 737.19 429.80 942.92 0.64 0.62 1.71 -5.08 2.73 13.17 -0.10 0.3294
Pedestrian 0 0 -10 947.14 873.97 1005.20 1001.75 0.61 0.66 1.46 0.18 4.63 18.72 3.03 0.3217
Cyclist 0 0 -10 1600.35 737.25 1917.60 1044.60 0.84 1.93 1.71 5.31 2.55 10.13 -1.79 0.5258
Cyclist 0 0 -10 280.18 792.80 586.91 1048.20 0.68 1.93 1.64 -3.70 2.87 10.57 0.07 0.3135
Car 0 0 -10 705.09 775.34 836.08 835.06 1.77 3.88 1.66 -6.00 6.52 47.35 -3.11 0.7102
Car 0 0 -10 0.00 801.26 215.52 905.97 2.00 4.34 1.56 -16.55 5.00 27.86 3.02 0.4359
Car 0 0 -10 76.30 795.40 329.57 879.47 1.80 4.67 1.54 -16.72 5.45 33.16 3.04 0.3357
Car 0 0 -10 201.10 793.23 398.40 863.58 1.78 4.47 1.54 -17.46 6.14 39.66 3.01 0.3086
Car 0 0 -10 0.00 782.96 124.68 859.70 1.84 3.85 1.65 -23.94 5.84 38.45 -0.16 0.3044
