Pedestrian 0 0 -10 1647.75 644.31 1936.00 1216.00 0.74 0.72 1.71 2.42 1.77 4.28 0.27 0.4927
Pedestrian 0 0 -10 1524.31 665.25 1774.42 1110.34 0.68 0.69 1.69 2.79 1.87 6.12 -0.05 0.4604
Pedestrian 0 0 -10 1177.36 706.82 1390.16 1094.11 0.65 0.77 1.69 1.52 2.10 7.11 -0.28 0.4496
Pedestrian 0 0 -10 1307.69 875.11 1443.33 1164.11 0.68 0.58 1.73 2.79 3.49 10.10 -0.45 0.3835
Pedestrian 0 0 -10 1064.22 765.53 1146.71 1016.61 0.62 0.56 1.67 1.02 2.71 10.66 0.05 0.3704
Pedestrian 0 0 -10 394.75 751.37 515.01 998.84 0.59 0.58 1.63 -3.62 2.57 10.69 -0.93 0.3237
Pedestrian 0 0 -10 322.99 749.31 406.73 936.03 0.61 0.69 1.68 -5.72 2.91 14.38 -0.28 0.3053
Cyclist 0 0 -10 1006.69 929.03 1253.59 1160.85 0.70 2.02 1.69 1.46 4.46 13.03 -0.25 0.3696
Car 0 0 -10 598.78 777.16 747.79 844.50 1.83 4.03 1.75 -8.48 6.35 44.24 -3.11 0.4970
Car 0 0 -10 444.17 771.99 746.65 902.05 1.80 3.94 1.55 -5.09 3.74 21.25 -0.08 0.3024
