Pedestrian 0 0 -10 1543.72 656.40 1787.73 1098.38 0.70 0.64 1.69 2.88 1.83 6.17 -0.12 0.5100
Pedestrian 0 0 -10 1183.63 707.04 1384.30 1080.19 0.66 0.75 1.67 1.55 2.09 7.25 -0.19 0.3690
Pedestrian 0 0 -10 1631.35 638.57 1936.00 1216.00 0.75 0.70 1.71 2.42 1.75 4.37 -2.91 0.3673
Pedestrian 0 0 -10 875.82 759.68 945.83 944.55 0.58 0.66 1.71 -0.50 3.05 14.58 -0.07 0.3526
Pedestrian 0 0 -10 330.27 741.53 405.67 927.39 0.61 0.61 1.69 -5.72 2.84 14.43 -0.26 0.3411
Pedestrian 0 0 -10 1559.18 859.57 1729.91 1166.72 0.65 0.65 1.60 4.04 3.06 8.86 2.74 0.3021
Cyclist 0 0 -10 1012.61 923.05 1249.97 1146.45 0.70 2.02 1.69 1.53 4.50 13.52 -0.27 0.3095
Car 0 0 -10 620.46 785.92 762.14 849.63 1.75 3.98 1.65 -8.02 6.56 44.67 3.08 0.5960
Car 0 0 -10 0.00 792.71 192.98 891.68 1.81 4.67 1.51 -17.24 4.80 28.09 3.02 0.3400
Car 0 0 -10 0.00 788.02 243.05 873.77 1.86 4.69 1.60 -19.29 5.50 34.37 2.96 0.3293
