Pedestrian 0 0 -10 1755.06 797.53 1834.05 966.51 0.62 0.63 1.58 8.51 3.39 15.28 0.63 0.4492
Pedestrian 0 0 -10 1523.40 819.75 1556.74 904.82 0.60 0.60 1.57 11.51 5.50 29.74 -2.81 0.3722
Pedestrian 0 0 -10 462.66 802.39 577.74 1017.88 0.68 0.71 1.35 -3.13 2.66 10.58 1.12 0.3689
Pedestrian 0 0 -10 392.01 767.30 500.36 987.58 0.65 0.67 1.69 -4.20 2.89 12.24 3.13 0.3548
Pedestrian 0 0 -10 635.33 780.26 735.65 984.43 0.64 0.73 1.66 -2.39 3.05 13.02 0.05 0.3438
Cyclist 0 0 -10 875.87 879.43 1057.71 1053.73 0.64 1.84 1.62 0.07 4.42 15.93 0.21 0.3921
Cyclist 0 0 -10 942.34 891.05 1126.08 1066.29 0.68 1.91 1.66 0.80 4.60 16.08 0.15 0.3728
Cyclist 0 0 -10 546.49 842.14 659.56 1095.31 0.80 1.95 1.72 -3.06 3.75 12.94 1.42 0.3249
Cyclist 0 0 -10 1096.30 859.33 1289.79 1046.38 0.83 1.98 1.72 2.59 4.48 16.77 0.55 0.3010
Car 0 0 -10 830.84 759.03 1684.48 1103.91 1.97 4.57 1.57 1.66 2.51 9.13 0.14 0.5489
Car 0 0 -10 1425.24 772.10 1817.76 919.35 1.91 4.93 1.84 9.57 4.12 22.01 -3.08 0.5420
