Pedestrian 0 0 -10 1286.52 795.33 1347.62 930.83 0.71 0.63 1.65 4.63 3.91 19.49 1.69 0.4476
Pedestrian 0 0 -10 1535.13 825.17 1607.39 958.81 0.63 0.94 1.10 5.94 3.13 14.56 -1.18 0.3948
Pedestrian 0 0 -10 808.82 901.59 860.92 1088.09 0.71 0.47 1.74 -1.32 4.68 15.50 -0.18 0.3832
Pedestrian 0 0 -10 1656.20 752.28 1827.32 1085.90 0.68 0.64 1.62 4.23 2.35 8.10 -0.84 0.3630
Pedestrian 0 0 -10 1445.47 877.30 1486.94 967.28 0.67 0.64 1.74 10.80 7.22 31.98 -2.45 0.3421
Pedestrian 0 0 -10 479.13 782.50 544.90 944.56 0.65 0.59 1.63 -4.86 3.37 16.16 1.23 0.3322
Pedestrian 0 0 -10 1018.15 944.88 1074.04 1077.07 0.64 0.59 1.59 1.13 5.92 19.92 1.42 0.3311
Pedestrian 0 0 -10 1397.99 833.55 1427.11 918.41 0.60 0.57 1.67 9.52 6.13 31.57 -2.88 0.3067
Cyclist 0 0 -10 90.83 897.11 340.78 1197.59 0.82 1.91 1.76 -5.69 4.04 11.56 1.69 0.5542
Cyclist 0 0 -10 1107.24 770.32 1335.48 989.95 0.75 1.82 1.69 2.26 3.02 13.00 -0.32 0.3775
Car 0 0 -10 722.25 759.67 1477.13 1093.80 1.92 4.25 1.60 0.84 2.56 9.40 0.13 0.3821
